법령일련번호,MST,구분,문장번호,내용
000888,245909,조문,1,제1장 총칙 <개정 2020.12.22>
000888,245909,조문,2,제1조(목적) 이 법은 사립학교의 특수성에 비추어 그 자주성을 확보하고 공공성을 높임으로써 사립학교의 건전한 발달을 도모함을 목적으로 한다.
000888,245909,조문,3,제2조(정의) 이 법에서 사용하는 용어의 뜻은 다음과 같다. <개정 2021.8.10>
000888,245909,항,4,
000888,245909,호,5,"1. ""사립학교""란 학교법인, 공공단체 외의 법인 또는 그 밖의 사인(私人)이 설치하는 「유아교육법」 제2조제2호, 「초ㆍ중등교육법」 제2조 및 「고등교육법」 제2조에 따른 학교를 말한다."
000888,245909,호,6,"2. ""학교법인""이란 사립학교만을 설치ㆍ경영할 목적으로 이 법에 따라 설립되는 법인을 말한다."
000888,245909,호,7,"3. ""사립학교경영자""란 「유아교육법」, 「초ㆍ중등교육법」, 「고등교육법」 및 이 법에 따라 사립학교를 설치ㆍ경영하는 공공단체 외의 법인(학교법인은 제외한다) 또는 사인을 말한다."
000888,245909,호,8,"4. ""임용""이란 신규채용, 승진, 전보(轉補), 겸임, 파견, 강임(降任), 휴직, 직위해제, 정직(停職), 강등, 복직, 면직, 해임 및 파면을 말한다."
000888,245909,조문,9,"제3조(학교법인이 아니면 설립할 수 없는 사립학교 등) 학교법인이 아닌 자는 다음 각 호의 어느 하나에 해당하는 사립학교를 설치ㆍ경영할 수 없다. 다만, 「초ㆍ중등교육법」 제52조제2항에 따라 산업체가 그 고용근로청소년의 교육을 위하여 중학교 또는 고등학교를 설치ㆍ경영하는 경우에는 그러하지 아니하다."
000888,245909,항,10,
000888,245909,호,11,1. 초등학교ㆍ중학교ㆍ고등학교ㆍ특수학교ㆍ대학
000888,245909,호,12,2. 산업대학ㆍ사이버대학ㆍ전문대학ㆍ기술대학
000888,245909,호,13,3. 대학ㆍ산업대학ㆍ전문대학 또는 기술대학에 준하는 각종학교
000888,245909,조문,14,제4조(관할청)
000888,245909,항,15,"① 다음 각 호의 어느 하나에 해당하는 자는 그 주소지를 관할하는 특별시ㆍ광역시ㆍ특별자치시ㆍ도 및 특별자치도(이하 ""시ㆍ도""라 한다) 교육감의 지도ㆍ감독을 받는다. <개정 2020.12.22>"
000888,245909,호,16,1. 사립의 초등학교ㆍ중학교ㆍ고등학교ㆍ고등기술학교ㆍ고등공민학교ㆍ특수학교ㆍ유치원 및 이들에 준하는 각종학교
000888,245909,호,17,2. 제1호에 따른 사립학교를 설치ㆍ경영하는 학교법인 또는 사립학교경영자
000888,245909,항,18,② 삭제 <1991.3.8>
000888,245909,항,19,③ 다음 각 호의 어느 하나에 해당하는 자는 교육부장관의 지도ㆍ감독을 받는다. <개정 2020.12.22>
000888,245909,호,20,"1. 사립의 대학ㆍ산업대학ㆍ사이버대학ㆍ전문대학ㆍ기술대학 및 이들에 준하는 각종학교(이하 ""대학교육기관""이라 한다)"
000888,245909,호,21,2. 제1호에 따른 사립학교를 설치ㆍ경영하는 학교법인
000888,245909,호,22,3. 제1호에 따른 사립학교와 그 밖의 사립학교를 아울러 설치ㆍ경영하는 학교법인
000888,245909,조문,23,제2장 학교법인 <개정 2020.12.22>
000888,245909,조문,24,제1절 통칙 <개정 2020.12.22>
000888,245909,조문,25,제5조(자산)
000888,245909,항,26,① 학교법인은 그가 설치ㆍ경영하는 사립학교에 필요한 시설ㆍ설비와 그 학교의 경영에 필요한 재산을 갖추어야 한다.
000888,245909,항,27,② 제1항에 따른 사립학교에 필요한 시설ㆍ설비와 재산에 관한 기준은 대통령령으로 정한다.
000888,245909,조문,28,제6조(사업)
000888,245909,항,29,"① 학교법인은 그가 설치한 사립학교의 교육에 지장이 없는 범위에서 그 수익을 사립학교의 경영에 충당하기 위하여 수익을 목적으로 하는 사업(이하 ""수익사업""이라 한다)을 할 수 있다. <개정 2020.12.22>"
000888,245909,항,30,② 삭제 <1999.8.31>
000888,245909,항,31,③ 학교법인이 수익사업을 할 때에는 지체 없이 다음 각 호의 사항을 공고하여야 한다. <개정 2020.12.22>
000888,245909,호,32,1. 사업의 명칭과 그 사무소의 소재지
000888,245909,호,33,2. 사업의 종류
000888,245909,호,34,3. 사업 경영에 관한 자본금
000888,245909,호,35,4. 사업 경영의 대표자의 성명ㆍ주소
000888,245909,호,36,5. 사업의 시기(始期) 및 기간
000888,245909,호,37,6. 그 밖에 필요한 사항
000888,245909,항,38,④ 수익사업에 관한 회계는 해당 학교법인이 설치ㆍ경영하는 사립학교의 경영에 관한 회계와 구분하여 별도 회계로 경리하여야 한다. <개정 2020.12.22>
000888,245909,조문,39,제7조(주소) 학교법인의 주소는 그 주된 사무소의 소재지로 한다.
000888,245909,조문,40,제8조(설립등기)
000888,245909,항,41,① 학교법인은 설립허가를 받았을 때에는 3주일 이내에 다음 각 호의 사항을 등기하여야 한다.
000888,245909,호,42,1. 목적
000888,245909,호,43,2. 명칭
000888,245909,호,44,3. 사무소
000888,245909,호,45,4. 설립허가 연월일
000888,245909,호,46,5. 존립 시기나 해산 사유를 정한 경우에는 그 시기 또는 사유
000888,245909,호,47,6. 자산 총액
000888,245909,호,48,7. 출자방법을 정한 경우에는 그 방법
000888,245909,호,49,8. 이사의 성명ㆍ주소
000888,245909,항,50,② 제1항에 따라 등기하여야 할 사항은 등기한 후가 아니면 제3자에게 대항할 수 없다.
000888,245909,항,51,③ 법원은 등기한 사항을 지체 없이 공고하여야 한다.
000888,245909,조문,52,제8조의2(재산 이전의 보고) 제8조에 따라 등기한 학교법인은 지체 없이 재산출연을 증명할 수 있는 등기사항증명서 및 금융기관의 증명서 등 대통령령으로 정하는 서류를 첨부하여 관할청에 재산출연 결과를 보고하여야 한다.
000888,245909,조문,53,제9조(학교법인의 권리능력 등) 학교법인의 권리능력과 불법행위능력에 관하여는 「민법」 제34조 및 제35조를 준용한다.
000888,245909,조문,54,제2절 설립 <개정 2020.12.22>
000888,245909,조문,55,제10조(설립허가)
000888,245909,항,56,"① 학교법인을 설립하려는 자는 일정한 재산을 출연하고, 다음 각 호의 사항을 적은 정관을 작성하여 대통령령으로 정하는 바에 따라 교육부장관의 허가를 받아야 한다. 이 경우 기술대학을 설치ㆍ경영하는 학교법인을 설립할 때에는 대통령령으로 정하는 바에 따라 미리 산업체가 일정한 재산을 출연하여야 한다."
000888,245909,호,57,1. 목적
000888,245909,호,58,2. 명칭
000888,245909,호,59,3. 설치ㆍ경영하려는 사립학교의 종류와 명칭
000888,245909,호,60,4. 사무소 소재지
000888,245909,호,61,5. 자산 및 회계에 관한 사항
000888,245909,호,62,6. 임원의 정원 및 그 임면(任免)에 관한 사항
000888,245909,호,63,7. 이사회에 관한 사항
000888,245909,호,64,"8. 수익사업을 경영하려는 경우에는 그 사업의 종류, 그 밖에 사업에 관한 사항"
000888,245909,호,65,9. 정관 변경에 관한 사항
000888,245909,호,66,10. 해산에 관한 사항
000888,245909,호,67,11. 공고에 관한 사항과 그 방법
000888,245909,호,68,12. 그 밖에 이 법에 따라 정관에 적어야 할 사항
000888,245909,항,69,② 학교법인의 설립 당초의 임원은 정관으로 정하여야 한다.
000888,245909,항,70,③ 제1항제6호의 사항을 정할 때 기술대학을 설치ㆍ경영하는 학교법인의 경우에는 대통령령으로 정하는 바에 따라 산업체에 근무하는 사람을 임원으로 포함하여야 한다.
000888,245909,조문,71,제10조의2(출연자의 정관 기재)
000888,245909,항,72,① 학교법인은 일정한 재산을 출연한 자의 출연 의사를 보호하고 그 명예를 기리기 위하여 제10조제1항 각 호의 사항 외에 다음 각 호의 사항을 정관에 적을 수 있다.
000888,245909,호,73,1. 출연자의 성명 및 생년월일
000888,245909,호,74,2. 출연재산의 명세와 평가기준ㆍ금액
000888,245909,호,75,3. 출연자의 출연 의사
000888,245909,항,76,② 제1항에 따른 출연자 외에 학교법인의 설립 이후 대통령령으로 정하는 일정 금액 이상의 재산을 출연하거나 기부한 자에 대해서도 당사자의 의사에 따라 제1항 각 호의 사항을 정관에 적을 수 있다.
000888,245909,조문,77,제11조(정관의 보충)
000888,245909,항,78,① 학교법인을 설립하려는 사람이 제10조제1항 각 호의 사항 중 그 목적과 자산에 관한 사항만을 정하고 사망한 경우 교육부장관은 이해관계인의 청구에 의하여 그 외의 사항을 정할 수 있다.
000888,245909,항,79,② 제1항의 경우에 이해관계인이 없거나 그 청구가 없을 때에는 교육부장관이 직권으로 제1항의 사항을 정할 수 있다.
000888,245909,조문,80,제12조(설립 시기) 학교법인은 그 주된 사무소의 소재지에서 설립등기를 함으로써 성립한다.
000888,245909,조문,81,"제13조(「민법」의 준용) 학교법인의 설립에 관하여는 「민법」 제47조, 제48조, 제50조부터 제52조까지, 제52조의2, 제53조, 제54조 및 제55조제1항을 준용한다."
000888,245909,조문,82,제3절 기관 <개정 2020.12.22>
000888,245909,조문,83,제14조(임원)
000888,245909,항,84,"① 학교법인에는 임원으로서 7명 이상의 이사와 2명 이상의 감사를 두어야 한다. 다만, 유치원만을 설치ㆍ경영하는 학교법인에는 임원으로서 5명 이상의 이사와 1명 이상의 감사를 둘 수 있다."
000888,245909,항,85,② 이사 중 1명은 정관으로 정하는 바에 따라 이사장이 된다.
000888,245909,항,86,"③ 학교법인은 제1항에 따른 이사 정수(定數)의 4분의 1(소수점 이하는 올림한다)에 해당하는 이사(이하 ""개방이사""라 한다)를 제4항에 따른 개방이사추천위원회에서 2배수 추천한 인사 중에서 선임하여야 한다."
000888,245909,항,87,"④ 개방이사추천위원회(이하 ""추천위원회""라 한다)는 제26조의2에 따른 대학평의원회(이하 ""대학평의원회""라 한다) 또는 「초ㆍ중등교육법」 제31조에 따른 학교운영위원회(이하 ""학교운영위원회""라 한다)에 두고 그 조직과 운영 및 구성은 정관으로 정하되, 위원 정수는 5명 이상 홀수로 하고 대학평의원회 또는 학교운영위원회에서 추천위원회 위원의 2분의 1을 추천하도록 한다. 다만, 대통령령으로 정하는 종교지도자 양성만을 목적으로 하는 대학 및 대학원 설치ㆍ경영 학교법인의 경우에는 해당 종교단체에서 2분의 1을 추천한다."
000888,245909,항,88,"⑤ 제3항에 따라 추천위원회가 개방이사를 추천할 때에는 30일 이내에 추천을 완료하여야 하며, 그 기간에 추천하지 못하면 관할청이 추천한다."
000888,245909,항,89,"⑥ 제3항부터 제5항까지의 규정에 따른 개방이사의 추천, 선임방법 및 자격요건과 기준에 관한 구체적인 사항은 대통령령으로 정하는 바에 따라 정관으로 정한다."
000888,245909,조문,90,제15조(이사회)
000888,245909,항,91,① 학교법인에 이사회를 둔다.
000888,245909,항,92,② 이사회는 이사로 구성한다.
000888,245909,항,93,③ 이사장은 이사회를 소집하고 그 의장이 된다.
000888,245909,항,94,④ 감사는 이사회에 출석하여 발언할 수 있다.
000888,245909,조문,95,제16조(이사회의 기능)
000888,245909,항,96,① 이사회는 다음 각 호의 사항을 심의ㆍ의결한다.
000888,245909,호,97,1. 학교법인의 예산ㆍ결산ㆍ차입금 및 재산의 취득ㆍ처분과 관리에 관한 사항
000888,245909,호,98,2. 정관 변경에 관한 사항
000888,245909,호,99,3. 학교법인의 합병 또는 해산에 관한 사항
000888,245909,호,100,4. 임원의 임면에 관한 사항
000888,245909,호,101,5. 학교법인이 설치한 사립학교의 장 및 교원의 임용에 관한 사항
000888,245909,호,102,6. 학교법인이 설치한 사립학교의 경영에 관한 중요 사항
000888,245909,호,103,7. 수익사업에 관한 사항
000888,245909,호,104,8. 그 밖에 법령이나 정관에 따라 그 권한에 속하는 사항
000888,245909,항,105,② 이사장 또는 이사가 학교법인과 이해관계가 상반될 때에는 그 이사장 또는 이사는 해당 사항에 관한 의결에 참여할 수 없다.
000888,245909,조문,106,제17조(이사회의 소집)
000888,245909,항,107,① 이사장은 필요하다고 인정할 때에는 이사회를 소집할 수 있다.
000888,245909,항,108,② 이사장은 다음 각 호의 어느 하나에 해당하는 소집요구가 있을 때에는 그 소집요구일부터 20일 이내에 이사회를 소집하여야 한다.
000888,245909,호,109,1. 재적이사 반수 이상이 회의의 목적을 제시하여 소집을 요구할 때
000888,245909,호,110,2. 제19조제4항제4호에 따라 감사가 소집을 요구할 때
000888,245909,항,111,"③ 이사회를 소집할 때에는 늦어도 회의 7일 전까지 회의의 목적을 밝혀 각 이사에게 통지하여야 한다. 다만, 이사 전원이 모이고 또 그 전원이 이사회 개최를 요구하였을 때는 예외로 한다."
000888,245909,항,112,"④ 이사회를 소집하여야 할 경우에 그 소집권자가 궐위(闕位)되거나 소집을 기피하여 7일 이상 이사회 소집이 불가능할 때에는 재적이사 과반수의 찬성으로 소집할 수 있다. 다만, 소집권자가 이사회 소집을 기피한 경우에는 관할청의 승인을 받아야 한다."
000888,245909,항,113,"⑤ 이사장은 제1항 및 제2항에 따라 이사회를 소집할 때에는 미리 대통령령으로 정하는 바에 따라 학교법인이 운영하는 학교의 인터넷 홈페이지 등에 소집 일자, 장소 등을 공지하여야 한다. <신설 2021.9.24>"
000888,245909,조문,114,제18조(의사정족수와 의결정족수 등)
000888,245909,항,115,"① 이사회는 정관에 특별한 규정이 없으면 재적이사 과반수의 출석으로 개의(開議)하고, 정관으로 정한 이사 정수 과반수의 찬성으로 의결한다."
000888,245909,항,116,② 이사회의 회의는 이사가 동영상과 음성이 동시에 송수신되는 장치가 갖추어진 다른 장소에 출석하여 진행하는 원격영상회의의 방식으로 할 수 있다. 이 경우 해당 이사는 이사회에 출석한 것으로 본다.
000888,245909,조문,117,제18조의2(회의록의 작성 및 공개 등)
000888,245909,항,118,"① 이사회는 다음 각 호의 사항을 적은 회의록을 작성하여야 한다. 다만, 이사회 개최 당일에 회의록을 작성하기 어려운 사정이 있을 때에는 안건별로 심의ㆍ의결 결과를 기록한 회의조서를 작성할 수 있다."
000888,245909,호,119,"1. 개의, 회의 중지 및 산회(散會) 일시"
000888,245909,호,120,2. 안건
000888,245909,호,121,3. 의사
000888,245909,호,122,4. 출석한 임원과 직원의 성명
000888,245909,호,123,5. 표결 수
000888,245909,호,124,6. 그 밖에 이사장이 필요하다고 인정하는 사항
000888,245909,항,125,"② 회의록과 회의조서에는 출석 임원 모두가 그 성명을 알 수 있도록 자필로 서명하고, 그 회의록 또는 회의조서가 2장 이상인 경우에는 각 장 사이에 걸쳐서 서명하여야 한다. 다만, 이사회는 출석 임원 중 3명을 호선(互選)하여 대표로 회의록과 회의조서의 각 장 사이에 걸쳐서 서명하게 하거나 간인(間印)하게 할 수 있다."
000888,245909,항,126,"③ 제1항 각 호 외의 부분 단서에 따라 회의조서를 작성한 경우에는 조속한 시일 내에 회의록을 작성하여야 한다. 다만, 긴급한 필요가 있을 때에는 회의록을 대신하여 회의조서를 관할청에 제출할 수 있다."
000888,245909,항,127,"④ 회의록은 공개하여야 한다. 다만, 대통령령으로 정하는 사항에 대해서는 이사회의 의결로 공개하지 아니할 수 있다."
000888,245909,항,128,"⑤ 회의록의 공개에 관한 기간ㆍ절차, 그 밖에 필요한 사항은 대통령령으로 정한다."
000888,245909,조문,129,제19조(임원의 직무)
000888,245909,항,130,① 이사장은 학교법인을 대표하고 이 법과 정관에 규정된 직무를 수행하며 그 밖에 학교법인 내부의 사무를 총괄한다.
000888,245909,항,131,"② 이사장이 궐위되거나 부득이한 사유로 직무를 수행할 수 없을 때에는 정관으로 정하는 바에 따르고, 정관에 규정이 없으면 이사회에서 호선한 다른 이사가 이사장의 직무를 대행한다."
000888,245909,항,132,"③ 이사는 이사회에 출석하여 학교법인의 업무에 관한 사항을 심의ㆍ결정하며, 이사회 또는 이사장으로부터 위임받은 사항을 처리한다."
000888,245909,항,133,④ 감사는 다음 각 호의 직무를 수행한다.
000888,245909,호,134,1. 학교법인의 재산 상황과 회계를 감사하는 일
000888,245909,호,135,2. 이사회의 운영과 그 업무에 관한 사항을 감사하는 일
000888,245909,호,136,3. 학교법인의 재산 상황과 회계 또는 이사회의 운영과 그 업무에 관한 사항을 감사한 결과 부정하거나 불비(不備)한 점을 발견하였을 때 이사회와 관할청에 보고하는 일
000888,245909,호,137,4. 제3호의 보고를 하기 위하여 필요한 경우에 이사회 소집을 요구하는 일
000888,245909,호,138,5. 학교법인의 재산 상황 또는 이사회의 운영과 그 업무에 관한 사항에 대하여 이사장 또는 이사에게 의견을 진술하는 일
000888,245909,조문,139,제20조(임원의 선임과 임기)
000888,245909,항,140,① 임원은 정관으로 정하는 바에 따라 이사회에서 선임한다.
000888,245909,항,141,② 임원은 관할청의 승인을 받아 취임한다. 이 경우 교육부장관이 정하는 바에 따라 인적사항을 공개하여야 한다.
000888,245909,항,142,"③ 이사장ㆍ이사 및 감사의 임기는 정관으로 정하되, 이사는 5년을 초과할 수 없고 중임(重任)할 수 있으며, 감사는 3년을 초과할 수 없고 한 차례만 중임할 수 있다."
000888,245909,조문,143,제20조의2(임원 취임의 승인취소)
000888,245909,항,144,① 임원이 다음 각 호의 어느 하나에 해당하는 행위를 하였을 때에는 관할청은 그 취임 승인을 취소할 수 있다. <개정 2021.9.24>
000888,245909,호,145,"1. 이 법, 「초ㆍ중등교육법」 또는 「고등교육법」을 위반하거나 이에 따른 명령을 이행하지 아니하였을 때"
000888,245909,호,146,"2. 임원 간의 분쟁, 회계 부정 또는 현저히 부당한 행위 등으로 해당 학교 운영에 중대한 장애를 일으켰을 때"
000888,245909,호,147,3. 학사행정에 관하여 해당 학교의 장의 권한을 침해하였을 때
000888,245909,호,148,4. 관할청의 학교의 장 및 교직원에 대한 징계요구에 따르지 아니하였을 때
000888,245909,항,149,"② 제1항에 따른 취임 승인의 취소는 관할청이 해당 학교법인에 그 사유를 들어 시정을 요구한 날부터 15일이 지나도 이에 따르지 아니한 경우에만 할 수 있다. 다만, 시정을 요구하여도 시정할 수 없는 것이 명백하거나 회계 부정, 횡령, 뇌물 수수 등 비리의 정도가 중대한 경우에는 시정요구 없이 임원 취임의 승인을 취소할 수 있으며, 그 세부적인 기준은 대통령령으로 정한다."
000888,245909,조문,150,제20조의3(임원의 직무집행정지)
000888,245909,항,151,"① 관할청은 다음 각 호의 어느 하나에 해당하는 경우에는 60일의 범위에서 해당 임원의 직무를 정지시킬 수 있으며, 부득이한 사유가 있을 때에는 60일의 범위에서 그 기간을 연장할 수 있다."
000888,245909,호,152,1. 제20조의2제1항에 따른 임원 취임 승인의 취소를 위한 조사나 감사가 진행 중일 때
000888,245909,호,153,2. 제20조의2제2항에 따른 시정요구 기간 중 해당 임원이 계속 직무를 집행할 경우 법인 또는 학교 운영상 중대한 손해가 생길 우려가 있다고 인정될 때
000888,245909,항,154,② 관할청은 제1항에 따른 임원의 직무집행정지 사유가 소멸되었을 때에는 직무집행정지를 즉시 해제하여야 한다.
000888,245909,조문,155,제21조(임원 선임의 제한)
000888,245909,항,156,"① 이사 정수의 반수 이상은 대한민국 국민이어야 한다. 다만, 대학교육기관 중 대통령령으로 정하는 학교를 설치ㆍ경영하는 학교법인으로서 대한민국 국민이 아닌 자가 학교법인 기본재산액의 2분의 1 이상에 해당하는 재산을 출연한 학교법인인 경우에는 이사 정수의 3분의 2 미만을 대한민국 국민이 아닌 사람으로 할 수 있다."
000888,245909,항,157,② 이사회를 구성할 때 서로 「민법」 제777조에 따른 친족관계인 이사들이 이사 정수의 4분의 1을 초과해서는 아니 된다.
000888,245909,항,158,③ 이사 중 적어도 3분의 1 이상은 다음 각 호의 어느 하나에 해당하는 교육경험 또는 합산한 교육경험이 3년 이상인 사람이어야 한다.
000888,245909,호,159,1. 「유아교육법」 제2조제2호에 따른 유치원에서 교원으로 근무한 경험
000888,245909,호,160,2. 「초ㆍ중등교육법」 제2조에 따른 학교에서 교원으로 근무한 경험
000888,245909,호,161,3. 「고등교육법」 제2조에 따른 학교에서 교원 또는 같은 법 제17조제1항의 명예교수ㆍ겸임교원 및 초빙교원 등으로 근무한 경험
000888,245909,호,162,4. 제1호부터 제3호까지의 근무경험에 준하는 것으로서 대통령령으로 정하는 교육경험
000888,245909,항,163,④ 감사와 감사 또는 감사와 이사는 서로 「민법」 제777조에 따른 친족이어서는 아니 된다.
000888,245909,항,164,⑤ 학교법인에 두는 감사 중 1명은 추천위원회에서 추천하는 사람을 선임한다.
000888,245909,항,165,⑥ 대통령령으로 정하는 기준 이상의 학교법인에 두는 감사 중 1명은 공인회계사 자격을 가진 사람이어야 한다.
000888,245909,항,166,⑦ 다음 각 호의 어느 하나에 해당하는 사람에 대하여 임원 취임의 승인을 요청하는 경우에는 재적이사 3분의 2 이상의 찬성을 받아야 한다. <개정 2021.9.24>
000888,245909,호,167,1. 제20조의2에 따라 임원 취임 승인이 취소된 날부터 10년이 지난 사람
000888,245909,호,168,2. 제54조의2에 따라 학교의 장의 직위에서 해임된 날부터 6년이 지난 사람
000888,245909,호,169,3. 제61조에 따라 파면된 날부터 10년이 지난 사람
000888,245909,조문,170,제22조(임원의 결격사유) 다음 각 호의 어느 하나에 해당하는 사람은 학교법인의 임원이 될 수 없다. <개정 2021.9.24>
000888,245909,항,171,
000888,245909,호,172,1. 「국가공무원법」 제33조 각 호의 어느 하나에 해당하는 사람
000888,245909,호,173,2. 제20조의2에 따라 임원 취임의 승인이 취소된 후 10년이 지나지 아니한 사람
000888,245909,호,174,3. 제54조의2에 따른 해임 요구에 의하여 해임된 후 6년이 지나지 아니한 사람
000888,245909,호,175,4. 제61조에 따라 파면된 후 10년이 지나지 아니한 사람
000888,245909,호,176,5. 4급 이상의 교육행정공무원 또는 4급 상당 이상의 교육공무원으로 재직하다 퇴직한 후 2년이 지나지 아니한 사람
000888,245909,조문,177,"제22조의2(임원의 당연퇴임 사유) 학교법인의 임원이 제22조 각 호의 어느 하나에 해당하는 경우에는 당연히 퇴임된다. 다만, 「국가공무원법」 제33조제5호는 「형법」 제129조부터 제132조까지 및 직무와 관련하여 같은 법 제355조 및 제356조에 규정된 죄를 범한 사람으로서 금고 이상의 형의 선고유예를 받은 경우만 해당하고, 「국가공무원법」 제33조제6호의2를 적용할 때 ""공무원""은 ""임원""으로 본다."
000888,245909,조문,178,제23조(임원의 겸직금지)
000888,245909,항,179,① 이사장은 해당 학교법인이 설치ㆍ경영하는 사립학교의 장을 겸할 수 없다.
000888,245909,항,180,"② 이사는 감사 또는 해당 학교법인이 설치ㆍ경영하는 사립학교의 교원이나 그 밖의 직원을 겸할 수 없다. 다만, 학교의 장은 예외로 한다."
000888,245909,항,181,"③ 감사는 이사장, 이사 또는 학교법인의 직원(그 학교법인이 설치ㆍ경영하는 사립학교의 교원이나 그 밖의 직원을 포함한다)을 겸할 수 없다."
000888,245909,조문,182,제24조(임원의 보충) 이사나 감사 중에 결원이 생겼을 때에는 2개월 이내에 보충하여야 한다.
000888,245909,조문,183,제24조의2(사학분쟁조정위원회의 설치 및 기능)
000888,245909,항,184,"① 제25조에 따른 임시이사의 선임과 제25조의2에 따른 임시이사의 해임 및 제25조의3에 따른 임시이사가 선임된 학교법인의 정상화 등에 관한 중요 사항을 심의하기 위하여 교육부장관 소속으로 사학분쟁조정위원회(이하 ""조정위원회""라 한다)를 둔다."
000888,245909,항,185,② 조정위원회는 다음 각 호의 사항을 심의한다.
000888,245909,호,186,1. 임시이사의 선임에 관한 사항
000888,245909,호,187,2. 임시이사의 해임에 관한 사항
000888,245909,호,188,3. 임시이사가 선임된 학교법인의 정상화 추진에 관한 사항
000888,245909,호,189,4. 그 밖에 관할청이 조정위원회에 심의를 요청한 사항
000888,245909,항,190,③ 조정위원회는 제2항 각 호의 사항에 대한 심의 결과를 지체 없이 관할청에 통보하여야 한다.
000888,245909,항,191,"④ 관할청은 제3항에 따른 심의 결과에 따라야 한다. 다만, 심의 결과에 이의가 있는 경우에는 조정위원회에 재심을 요청할 수 있고, 그 재심 결과를 수용하여야 한다."
000888,245909,조문,192,제24조의3(조정위원회의 구성 등)
000888,245909,항,193,"① 조정위원회는 대통령이 위촉하는 다음 각 호의 위원으로 구성하며, 위원장은 대법원장이 추천하는 사람 중에서 호선한다."
000888,245909,호,194,1. 대통령이 추천하는 사람 3명
000888,245909,호,195,2. 국회의장이 추천하는 사람 3명
000888,245909,호,196,3. 대법원장이 추천하는 사람 5명
000888,245909,항,197,"② 위원의 임기는 2년으로 하며, 한 차례만 중임할 수 있다."
000888,245909,항,198,③ 조정위원회의 조직 및 운영 등에 필요한 사항은 대통령령으로 정한다.
000888,245909,조문,199,제24조의4(조정위원회 위원의 자격 기준)
000888,245909,항,200,① 위원은 다음 각 호의 어느 하나에 해당하는 사람이어야 한다.
000888,245909,호,201,1. 판사ㆍ검사ㆍ군법무관 또는 변호사로 15년 이상 재직한 사람
000888,245909,호,202,2. 대학의 총장ㆍ학장 또는 초ㆍ중등학교의 교장 경력이 있는 사람으로서 교육 경력이 15년 이상인 사람
000888,245909,호,203,3. 대학에서 부교수 이상의 직에 종사하는 사람으로서 교육 경력이 15년 이상인 사람
000888,245909,호,204,4. 공인회계사로서 회계업무 경력이 15년 이상인 사람
000888,245909,호,205,5. 교육행정기관의 고위공무원 경력이 있는 사람으로서 공무원 경력이 15년 이상인 사람
000888,245909,항,206,② 제22조 각 호의 어느 하나에 해당하는 사람은 위원이 될 수 없다.
000888,245909,조문,207,제25조(임시이사의 선임)
000888,245909,항,208,① 관할청은 다음 각 호의 어느 하나에 해당하는 경우에는 이해관계인의 청구에 의하여 또는 직권으로 조정위원회의 심의를 거쳐 임시이사를 선임하여야 한다. <개정 2021.8.10>
000888,245909,호,209,1. 학교법인이 이사의 결원을 보충하지 아니하여 학교법인의 정상적 운영이 어렵다고 판단되는 경우
000888,245909,호,210,"2. 제20조의2에 따라 학교법인의 임원 취임 승인을 취소한 경우. 다만, 임원 취임 승인이 취소되어 제18조제1항에 따른 이사회 의결정족수를 충족하지 못하는 경우로 한정한다."
000888,245909,호,211,3. 제25조의2에 따라 임시이사를 해임한 경우
000888,245909,항,212,② 임시이사는 조속한 시일 내에 제1항에 따른 사유를 해소할 수 있도록 노력하여야 한다.
000888,245909,항,213,"③ 임시이사는 제1항에 따른 사유가 해소될 때까지 재임하되, 그 임기는 선임된 날부터 3년을 초과할 수 없다."
000888,245909,항,214,④ 임시이사는 제20조에 따른 임원으로 선임될 수 없다.
000888,245909,항,215,⑤ 관할청은 임시이사가 선임된 법인에 이사회 소집을 요구할 수 있다.
000888,245909,항,216,"⑥ 국가나 지방자치단체는 임시이사가 선임된 학교법인 중 재정이 열악한 학교법인의 최소한의 이사회 운영경비, 사무직원 인건비 및 학교법인의 정상화를 위하여 소요되는 대통령령으로 정하는 소송비용을 지원할 수 있다. <개정 2021.8.10>"
000888,245909,조문,217,제25조의2(임시이사의 해임) 관할청은 임시이사가 다음 각 호의 어느 하나에 해당하는 경우에는 조정위원회의 심의를 거쳐 임시이사의 전부 또는 일부를 해임할 수 있다.
000888,245909,항,218,
000888,245909,호,219,1. 「국가공무원법」 제33조 각 호의 어느 하나에 해당하게 된 경우
000888,245909,호,220,2. 그 직무를 현저히 게을리한 경우
000888,245909,호,221,3. 제20조의2제1항 각 호의 어느 하나에 해당하는 행위를 한 경우
000888,245909,조문,222,제25조의3(임시이사가 선임된 학교법인의 정상화)
000888,245909,항,223,① 관할청은 제20조에도 불구하고 제25조에 따라 선임된 임시이사의 선임 사유가 해소되었다고 인정할 때에는 조정위원회의 심의를 거쳐 지체 없이 임시이사를 해임하고 이사를 선임하여야 한다.
000888,245909,항,224,② 임시이사가 선임된 학교법인은 매년 1회 이상 조정위원회에 정상화 추진 실적을 보고하여야 한다.
000888,245909,항,225,③ 조정위원회는 제2항의 추진 실적을 평가하여 해당 학교법인의 임시이사 해임 및 정상화 여부에 관한 사항을 관할청에 통보한다.
000888,245909,조문,226,제26조(임원의 보수 제한)
000888,245909,항,227,"① 학교법인의 임원 중 정관으로 정한 상근(常勤) 임원을 제외한 임원에게는 보수를 지급하지 아니한다. 다만, 실비(實費)의 변상은 예외로 한다."
000888,245909,항,228,"② 학교법인은 그 학교법인 기본재산액의 3분의 1 이상에 해당하는 재산을 그 법인의 기본재산으로 출연하거나 기증한 사람 중 생계가 곤란한 사람에게는 그 학교법인의 수익이 있는 범위에서 생계비ㆍ의료비ㆍ장례비를 지급할 수 있다. 다만, 제1항에 따라 보수를 받는 사람에 대해서는 그러하지 아니하다."
000888,245909,항,229,③ 제2항의 재산을 출연하거나 기증한 사람 중 생계가 곤란한 사람의 기준과 생계비ㆍ의료비ㆍ장례비의 범위는 대통령령으로 정한다.
000888,245909,조문,230,제26조의2(대학평의원회)
000888,245909,항,231,"① 대학교육기관에 다음 각 호의 사항을 심의하게 하기 위하여 대학평의원회를 둔다. 다만, 제3호 및 제4호는 자문사항으로 한다."
000888,245909,호,232,1. 대학의 발전계획에 관한 사항
000888,245909,호,233,2. 학칙의 제정 또는 개정에 관한 사항
000888,245909,호,234,3. 대학헌장의 제정 또는 개정에 관한 사항
000888,245909,호,235,4. 대학교육과정의 운영에 관한 사항
000888,245909,호,236,5. 추천위원회 위원의 추천에 관한 사항
000888,245909,호,237,6. 그 밖에 교육에 관한 중요 사항으로서 정관으로 정하는 사항
000888,245909,항,238,② 대학평의원회의 조직 및 운영 등에 필요한 사항은 대통령령으로 정하는 바에 따라 정관으로 정한다.
000888,245909,조문,239,"제27조(「민법」의 준용) 학교법인의 이사장과 이사에 관하여는 「민법」 제59조제2항, 제61조, 제62조, 제64조 및 제65조를 준용한다. 이 경우 「민법」 제62조 중 ""타인""은 ""다른 이사""로 본다."
000888,245909,조문,240,제4절 재산과 회계 <개정 2020.12.22>
000888,245909,조문,241,제28조(재산의 관리 및 보호)
000888,245909,항,242,"① 학교법인이 그 기본재산에 대하여 매도ㆍ증여ㆍ교환ㆍ용도변경하거나 담보로 제공하려는 경우 또는 의무를 부담하거나 권리를 포기하려는 경우에는 관할청의 허가를 받아야 한다. 다만, 대통령령으로 정하는 경미한 사항은 관할청에 신고하여야 한다."
000888,245909,항,243,② 학교교육에 직접 사용되는 학교법인의 재산 중 대통령령으로 정하는 것은 매도하거나 담보로 제공할 수 없다.
000888,245909,항,244,③ 「초ㆍ중등교육법」 제10조 및 「고등교육법」 제11조에 따른 수업료와 그 밖의 납부금(입학금 또는 학교운영지원비를 말한다. 이하 같다)을 받을 권리와 제29조제2항에 따라 별도 계좌로 관리되는 수입에 대한 예금채권은 압류할 수 없다.
000888,245909,항,245,④ 관할청은 제1항 단서에 따른 신고를 받은 경우 그 내용을 검토하여 이 법에 적합하면 신고를 수리하여야 한다.
000888,245909,항,246,⑤ 학교법인은 기본재산에 관한 소송절차가 개시된 때와 완결된 때에는 대통령령으로 정하는 바에 따라 그 사실을 관할청에 신고하여야 한다. <신설 2021.8.10>
000888,245909,조문,247,제29조(회계의 구분 등)
000888,245909,항,248,① 학교법인의 회계는 그가 설치ㆍ경영하는 학교에 속하는 회계와 법인의 업무에 속하는 회계로 구분한다. <개정 2020.12.22>
000888,245909,항,249,"② 제1항에 따른 학교에 속하는 회계는 교비회계(校費會計)와 부속병원회계(부속병원이 있는 경우로 한정한다)로 구분할 수 있고, 교비회계는 등록금회계와 비등록금회계로 구분하며, 각 회계의 세입ㆍ세출에 관한 사항은 대통령령으로 정하되 학교가 받은 기부금 및 수업료와 그 밖의 납부금은 교비회계의 수입으로 하여 별도 계좌로 관리하여야 한다. <개정 2020.12.22>"
000888,245909,항,250,③ 제1항에 따른 법인의 업무에 속하는 회계는 일반업무회계와 제6조에 따른 수익사업회계로 구분할 수 있다. <개정 2020.12.22>
000888,245909,항,251,"④ 제2항에 따른 학교에 속하는 회계의 예산은 해당 학교의 장이 편성하고, 다음 각 호의 구분에 따른 절차에 따라 확정ㆍ집행한다. <개정 2020.12.22, 2021.9.24>"
000888,245909,호,252,"1. 대학교육기관: 대학평의원회에 자문 및 「고등교육법」 제11조제3항에 따른 등록금심의위원회(이하 ""등록금심의위원회""라 한다)의 심사ㆍ의결을 거친 후 이사회의 심사ㆍ의결로 확정하고 학교의 장이 집행한다."
000888,245909,호,253,2. 「초ㆍ중등교육법」 제2조에 따른 학교: 학교운영위원회의 심의를 거친 후 이사회의 심사ㆍ의결로 확정하고 학교의 장이 집행한다.
000888,245909,호,254,"3. 유치원: 「유아교육법」 제19조의3에 따른 유치원운영위원회에 자문을 거친 후 학교의 장이 집행한다. 다만, 유치원운영위원회를 두지 아니한 경우에는 학교의 장이 집행한다."
000888,245909,항,255,⑤ 삭제 <2005.12.29>
000888,245909,항,256,"⑥ 제2항에 따른 교비회계에 속하는 수입이나 재산은 다른 회계로 전출(轉出)ㆍ대여하거나 목적 외로 부정하게 사용할 수 없다. 다만, 다음 각 호의 어느 하나에 해당하는 경우에는 그러하지 아니하다. <개정 2020.12.22>"
000888,245909,호,257,1. 차입금의 원리금을 상환하는 경우
000888,245909,호,258,"2. 공공 또는 교육ㆍ연구의 목적으로 교육용 기본재산을 국가, 지방자치단체 또는 연구기관에 무상으로 귀속하는 경우. 다만, 대통령령으로 정하는 기준을 충족하는 경우로 한정한다."
000888,245909,항,259,⑦ 삭제 <2007.7.27>
000888,245909,조문,260,제30조(회계연도) 학교법인의 회계연도는 그가 설치ㆍ경영하는 사립학교의 학년도에 따른다.
000888,245909,조문,261,제31조(예산 및 결산의 제출)
000888,245909,항,262,"① 학교법인은 대통령령으로 정하는 바에 따라 매 회계연도가 시작되기 전에는 예산을, 매 회계연도가 끝난 후에는 결산을 관할청에 보고하고 공시하여야 한다."
000888,245909,항,263,② 관할청은 제1항의 예산이 회계 관계 법령 등을 위반하여 편성되었다고 인정할 때에는 그 시정을 지도할 수 있다.
000888,245909,항,264,"③ 학교에 속하는 회계의 결산은 매 회계연도가 끝난 후 다음 각 호의 구분에 따른 절차를 거쳐야 한다. 다만, 유치원의 경우에는 그러하지 아니하다. <개정 2021.9.24>"
000888,245909,호,265,1. 대학교육기관: 대학평의원회에 자문 및 등록금심의위원회의 심사ㆍ의결을 거쳐야 한다.
000888,245909,호,266,2. 「초ㆍ중등교육법」 제2조에 따른 학교: 학교운영위원회의 심의를 거쳐야 한다.
000888,245909,항,267,"④ 학교법인은 제1항에 따라 결산서를 제출할 때에 그 학교법인의 감사 모두가 서명ㆍ날인한 감사보고서를 첨부하여야 한다. 이 경우 대학교육기관을 설치ㆍ경영하는 학교법인(제5항에 따른 학교법인은 제외한다)은 직접 선임한 학교법인과 독립한 외부감사인(「주식회사 등의 외부감사에 관한 법률」 제2조제7호의 감사인을 말한다. 이하 이 조에서 같다)의 감사보고서(이하 ""외부감사보고서""라 한다) 및 부속서류(제4조제1항제1호에 따른 학교의 교비회계 결산은 제외한다)를 첨부하여야 한다. <개정 2021.8.10>"
000888,245909,항,268,⑤ 대통령령으로 정하는 절차와 기준에 따라 교육부장관이 선정한 대학교육기관을 설치ㆍ경영하는 학교법인은 제1항에 따라 결산서를 제출할 때에 다음 각 호에 따른 외부감사인의 외부감사보고서 및 부속서류(제4조제1항제1호에 따른 학교의 교비회계 결산은 제외한다)를 첨부하여야 한다. <신설 2021.8.10>
000888,245909,호,269,1. 연속하는 4개 회계연도: 대학교육기관을 설치ㆍ경영하는 학교법인이 직접 선임한 학교법인과 독립한 외부감사인
000888,245909,호,270,2. 제1호에 따른 회계연도 다음 연속하는 2개 회계연도: 대통령령으로 정하는 바에 따라 교육부장관이 지정하는 외부감사인. 이 경우  동일한 외부감사인으로 지정한다.
000888,245909,항,271,⑥ 제5항에 따른 학교법인은 같은 항 제2호에 따른 회계연도의 외부감사인을 해당 회계연도 이후 최초로 도래하는 회계연도의 외부감사인으로 선임할 수 없다. <신설 2021.8.10>
000888,245909,항,272,⑦ 교육부장관은 제5항제2호에 따른 외부감사인 지정 업무를 대통령령으로 정하는 법인이나 단체에 위탁할 수 있다. <신설 2021.8.10>
000888,245909,항,273,⑧ 제1항에 따른 공시와 관련하여 필요한 사항은 대통령령으로 정한다. <개정 2021.8.10>
000888,245909,조문,274,제31조의2(외부회계감사에 대한 감리)
000888,245909,항,275,① 교육부장관은 필요한 경우 외부감사보고서 및 부속서류를 감리(監理)할 수 있다. <개정 2021.8.10>
000888,245909,항,276,② 교육부장관은 제1항에 따른 감리 업무의 전부 또는 일부를 대통령령으로 정하는 바에 따라 외부회계감사 및 감리에 관한 전문성을 갖춘 법인이나 단체에 위탁할 수 있다.
000888,245909,항,277,③ 제1항 및 제2항에서 규정한 사항 외에 감리 등에 필요한 사항은 대통령령으로 정한다.
000888,245909,조문,278,제32조(재산목록 등의 비치)
000888,245909,항,279,"① 학교법인은 매 회계연도가 끝난 후 2개월 이내에 매 회계연도 말 현재의 재산목록, 재무상태표, 수입ㆍ지출 계산서, 그 밖에 필요한 장부나 서류를 작성하여 항상 그 사무소에 갖추어 두어야 한다."
000888,245909,항,280,② 제1항에 따라 갖추어 두어야 할 장부나 서류의 종류와 서식은 교육부령으로 정한다.
000888,245909,조문,281,제32조의2(적립금)
000888,245909,항,282,"① 대학교육기관의 장 및 대학교육기관을 설치ㆍ경영하는 학교법인의 이사장은 교육시설의 신축ㆍ증축 및 개수(改修)ㆍ보수(補修), 학생의 장학금 지급 및 교직원의 연구 활동 지원 등에 충당하기 위하여 필요한 적립금(이하 ""적립금""이라 한다)을 적립할 수 있다. 다만, 등록금회계로부터의 적립은 해당 연도 건물의 감가상각비 상당액을 교육시설의 신축ㆍ증축 및 개수ㆍ보수 목적으로 적립하는 경우에만 할 수 있다. <개정 2016.12.27>"
000888,245909,항,283,"② 적립금은 원금보존적립금과 임의적립금으로 구분하고, 성격에 따라 연구적립금ㆍ건축적립금ㆍ장학적립금ㆍ퇴직적립금 및 그 밖에 구체적인 목적을 정하여 적립하는 특정목적적립금으로 구성한다. <개정 2016.12.27>"
000888,245909,항,284,"③ 적립금은 기금으로 예치하여 관리하고, 그 적립 목적으로만 사용하여야 한다. 다만, 등록금회계에서 비등록금회계로 전출된 적립금 상당액을 제외한 적립금은 다음 각 호의 어느 하나의 방법으로 법인에 투자할 수 있다. <개정 2013.1.23, 2016.12.27>"
000888,245909,호,285,1. 적립금의 2분의 1 한도에서 「자본시장과 금융투자업에 관한 법률」 제4조제2항 각 호에 따른 증권의 취득
000888,245909,호,286,2. 적립금의 10분의 1 한도에서 해당 대학교육기관의 소속 교원 또는 학생이 개발한 신기술 또는 특허 등으로 창업한 「벤처기업육성에 관한 특별조치법」에 따른 벤처기업에 대한 투자
000888,245909,항,287,④ 대학교육기관의 장 및 대학교육기관을 설치ㆍ경영하는 학교법인의 이사장은 제3항 본문에도 불구하고 「재난 및 안전관리 기본법」 제3조제1호에 따른 재난으로 인한 사유로 학생을 지원할 필요가 있는 경우에는 이사회의 의결로 기존 적립금을 학생지원 목적으로 변경하여 사용할 수 있다. <신설 2020.10.20>
000888,245909,항,288,"⑤ 대학교육기관의 장 및 대학교육기관을 설치ㆍ경영하는 학교법인의 이사장은 제3항 단서에 따른 적립금 투자 대상이 해당 대학교육기관과 대통령령으로 정하는 특수한 관계에 있는 법인인 경우에는 그 투자결과를 교육부장관에게 보고하여야 한다. <신설 2017.11.28, 2020.10.20>"
000888,245909,항,289,"⑥ 교육부장관은 해당 대학교육기관과 대학교육기관을 설치ㆍ경영하는 학교법인의 재정상태 등을 고려하여 적립금의 적립 여부, 적립 규모, 적립 기간 및 투자 등에 필요한 조치를 할 수 있다. <개정 2013.3.23, 2016.12.27, 2017.11.28, 2020.10.20>"
000888,245909,항,290,"⑦ 제1항 단서의 감가상각비 산정방법과 제5항에 따른 투자결과의 보고 시기 및 방법 등은 교육부령으로 정한다. <개정 2013.3.23, 2016.12.27, 2017.11.28, 2020.10.20>"
000888,245909,조문,291,제32조의3(기금운용심의회의 설치 등)
000888,245909,항,292,① 대학교육기관의 장 및 대학교육기관을 설치ㆍ경영하는 학교법인의 이사장은 제32조의2제3항에 따른 기금의 관리ㆍ운용에 관한 사항을 심의하기 위하여 기금운용심의회를 둔다.
000888,245909,항,293,"② 기금운용심의회는 위원장 1명을 포함하여 15명 이내의 위원으로 구성하되, 다음 각 호의 사람으로 한다. 이 경우 제1호에 따른 교원, 직원 및 재학생은 각각 2명 이상, 제2호에 따른 외부 전문가는 1명 이상 포함하여야 한다. <개정 2021.9.24>"
000888,245909,호,294,1. 해당 대학에 재직 중인 교원ㆍ직원 및 재학생
000888,245909,호,295,2. 회계 또는 재무 관련 외부 전문가
000888,245909,호,296,3. 그 밖에 동문 및 학교 발전에 도움이 될 수 있는 사람
000888,245909,항,297,③ 기금운용심의회의 위원은 직무를 수행할 때 외부의 어떠한 지시나 간섭을 받지 아니한다.
000888,245909,항,298,④ 제1항부터 제3항까지에서 규정한 사항 외에 기금운용심의회의 구성 및 운영 등에 필요한 사항은 대통령령으로 정한다.
000888,245909,조문,299,제32조의4(이월금)
000888,245909,항,300,① 대학교육기관의 장 및 대학교육기관을 설치ㆍ경영하는 학교법인의 이사장은 해당 회계연도의 교비회계 예산을 편성ㆍ집행할 때에 이월금을 최소화하도록 노력하여야 한다.
000888,245909,항,301,② 교육부장관은 대학교육기관의 이월금이 재정 규모에 비하여 과다(過多)한 경우에는 이월금을 줄이기 위하여 시정요구 등 필요한 조치를 할 수 있다.
000888,245909,조문,302,"제33조(회계규칙 등) 학교법인의 회계규칙, 그 밖에 예산 또는 회계에 관하여 필요한 사항은 교육부장관이 정한다."
000888,245909,조문,303,제5절 해산과 합병 <개정 2020.12.22>
000888,245909,조문,304,제34조(해산 사유)
000888,245909,항,305,① 학교법인은 다음 각 호의 어느 하나에 해당하는 사유로 해산한다.
000888,245909,호,306,1. 정관으로 정한 해산 사유의 발생
000888,245909,호,307,2. 목적 달성의 불가능
000888,245909,호,308,3. 다른 학교법인과의 합병
000888,245909,호,309,4. 파산
000888,245909,호,310,5. 제47조에 따른 교육부장관의 해산명령
000888,245909,항,311,② 제1항제2호의 사유로 인한 해산은 이사 정수의 3분의 2 이상의 동의를 받아 교육부장관의 인가를 받아야 한다.
000888,245909,조문,312,제35조(잔여재산의 귀속)
000888,245909,항,313,① 학교법인이 정관에 해산에 따른 잔여재산(殘餘財産)의 귀속자에 관한 규정을 두려는 경우 그 귀속자는 학교법인이나 그 밖에 교육사업을 경영하는 자 중에서 선정되도록 하여야 한다.
000888,245909,항,314,② 해산한 학교법인의 잔여재산은 합병 및 파산의 경우를 제외하고는 교육부장관에게 청산종결을 신고한 때에 제1항에 따라 정관으로 지정한 자에게 귀속된다.
000888,245909,항,315,③ 제1항 및 제2항에도 불구하고 학교법인의 임원 또는 해당 학교법인이 설립한 사립학교를 경영하는 자 등이 이 법 또는 교육 관계 법령을 위반하여 해당 학교법인이 관할청으로부터 회수 등 재정적 보전(補塡)을 필요로 하는 시정요구를 받았으나 이를 이행하지 아니하고 해산되는 경우 정관으로 지정한 자가 다음 각 호의 어느 하나에 해당하는 경우에는 그 지정이 없는 것으로 본다.
000888,245909,호,316,1. 해산한 학교법인의 설립자나 임원 또는 이들과 「민법」 제777조의 친족관계인 사람이 학교법인 해산일을 기준으로 10년 이내의 기간 중 정관으로 지정한 자 또는 정관으로 지정한 자가 설립한 사립학교의 다음 각 목의 어느 하나에 해당하는 보직에 있거나 있었던 경우
000888,245909,목,317,가. 대표자
000888,245909,목,318,나. 임원
000888,245909,목,319,다. 대학(「고등교육법」 제2조 각 호의 학교를 말한다)의 총장 또는 부총장
000888,245909,목,320,라. 초등학교ㆍ중학교ㆍ고등학교(「초ㆍ중등교육법」 제2조 각 호의 학교를 말한다)의 교장 또는 교감
000888,245909,목,321,마. 「유아교육법」 제2조제2호에 따른 유치원의 원장 또는 원감
000888,245909,호,322,2. 정관으로 지정한 자의 임원 또는 정관으로 지정한 자가 설립한 사립학교를 경영하는 자 등이 이 법 또는 교육 관계 법령을 위반하여 정관으로 지정한 자가 관할청으로부터 회수 등 재정적 보전을 필요로 하는 시정요구를 받았으나 이를 이행하지 아니한 경우
000888,245909,항,323,"④ 제2항 및 제3항에 따라 처분되지 아니한 재산 중 대학교육기관을 설치ㆍ경영하는 학교법인의 재산은 「한국사학진흥재단법」 제17조제2항에 따른 사학진흥기금의 청산지원계정(이하 ""청산지원계정""이라 한다)에 귀속되고, 제4조제1항제1호에 따른 학교를 설치ㆍ경영하는 학교법인의 재산은 해당 지방자치단체에 귀속된다. <개정 2021.8.10>"
000888,245909,항,324,⑤ 지방자치단체는 제4항에 따라 지방자치단체에 귀속된 재산을 사립학교 교육의 지원을 위하여 다른 학교법인에 양여ㆍ무상대부 또는 보조금으로 지급하거나 그 밖의 교육사업에 사용한다. <개정 2021.8.10>
000888,245909,항,325,"⑥ 제4항에 따라 청산지원계정에 귀속된 재산은 「한국사학진흥재단법」에 따른 한국사학진흥재단이 관리하고, 지방자치단체에 귀속된 재산은 해당 시ㆍ도 교육감이 관리하되, 제5항에 따른 처분을 할 때에는 시ㆍ도 교육감은 교육부장관의 동의를 미리 받아야 한다. <개정 2021.8.10>"
000888,245909,조문,326,제35조의2(해산 및 잔여재산 귀속에 관한 특례)
000888,245909,항,327,① 고등학교 이하 각급 학교를 설치ㆍ경영하는 학교법인은 학생 수가 크게 감소하여 그 목적을 달성하기 곤란한 경우에는 제34조제1항에도 불구하고 시ㆍ도 교육감의 인가를 받아 해산할 수 있다.
000888,245909,항,328,② 제1항에 따라 시ㆍ도 교육감의 인가를 받으려는 학교법인은 해산인가신청서에 잔여재산 처분계획서를 첨부하여 시ㆍ도 교육감에게 제출하여야 한다.
000888,245909,항,329,③ 제1항에 따른 해산과 제2항에 따른 잔여재산 처분계획은 이사 정수의 3분의 2 이상의 동의를 받아야 한다.
000888,245909,항,330,④ 국가 또는 지방자치단체는 제1항에 따라 해산하는 학교법인이 원활하게 해산할 수 있도록 다음 각 호의 어느 하나에 해당하는 지원을 할 수 있다.
000888,245909,호,331,1. 해산인가 신청 당시 학교법인이 보유하고 있는 기본재산 감정평가액의 100분의 30 이내의 범위에서 해산장려금의 지급
000888,245909,호,332,2. 해산인가 신청 당시 학교법인이 보유하고 있는 기본재산 중 학교교육에 직접 사용되었던 재산의 매입
000888,245909,항,333,"⑤ 제1항에 따른 학교법인의 해산, 제2항에 따른 잔여재산의 처분 및 제4항에 따른 재정지원에 관한 사항을 심사하기 위하여 시ㆍ도 교육감 소속으로 사학정비심사위원회를 둔다."
000888,245909,항,334,⑥ 제5항에 따른 사학정비심사위원회의 구성 및 운영 등에 관한 사항은 대통령령으로 정한다.
000888,245909,항,335,⑦ 제1항부터 제5항까지의 규정에 따라 해산한 학교법인은 그 잔여재산의 전부 또는 일부를 제35조제1항에도 불구하고 제2항에 따른 잔여재산 처분계획서에서 정한 자에게 귀속시키거나 「공익법인의 설립ㆍ운영에 관한 법률」 제2조에 따른 공익법인을 설립하기 위한 재산으로 출연할 수 있다.
000888,245909,조문,336,제36조(합병 절차)
000888,245909,항,337,① 학교법인이 다른 학교법인과 합병하려는 경우에는 이사 정수의 3분의 2 이상의 동의가 있어야 한다.
000888,245909,항,338,② 제1항에 따른 합병은 교육부장관의 인가를 받아야 한다.
000888,245909,항,339,③ 제2항에 따른 인가를 받으려면 그 인가신청서에 합병 후 존속하는 학교법인 또는 합병으로 설립되는 학교법인의 정관과 그 밖에 대통령령으로 정하는 서류를 첨부하여야 한다.
000888,245909,조문,340,제37조(합병 절차)
000888,245909,항,341,① 학교법인은 제36조제2항의 인가를 받았을 때에는 그 인가 통지를 받은 날부터 15일 이내에 재산목록과 재무상태표를 작성하여야 한다.
000888,245909,항,342,"② 학교법인은 제1항의 기간 내에 그 채권자에 대하여 이의가 있으면 일정한 기간 내에 이의를 제기할 것을 공고하고, 알고 있는 채권자에게는 각각 이를 최고(催告)하여야 한다. 이 경우 이의제기 기간은 2개월 이상이어야 한다."
000888,245909,조문,343,제38조(합병 절차)
000888,245909,항,344,① 채권자가 제37조제2항의 기간 내에 합병에 대하여 이의를 제기하지 아니하면 합병 후 존속하거나 합병으로 설립된 학교법인의 채무인수를 승인한 것으로 본다.
000888,245909,항,345,② 채권자가 제37조제2항의 기간 내에 이의를 제기하였을 때에는 학교법인은 채무를 갚거나 그에 상응하는 담보를 제공하여야 한다.
000888,245909,조문,346,"제39조(합병 절차) 합병에 의하여 학교법인을 설립할 경우 정관, 그 밖에 학교법인의 설립에 관한 사무는 각 학교법인이 선임한 자가 공동으로 수행하여야 한다."
000888,245909,조문,347,제40조(합병의 효과) 합병 후 존속하는 학교법인 또는 합병으로 설립된 학교법인은 합병으로 소멸된 학교법인의 권리ㆍ의무(그 학교법인이 그가 경영하는 사업에 관하여 교육부장관의 인가나 그 밖의 처분으로 인하여 가지는 권리ㆍ의무를 포함한다)를 승계한다.
000888,245909,조문,348,제41조(합병의 시기) 학교법인의 합병은 합병 후 존속하는 학교법인 또는 합병으로 설립되는 학교법인의 주된 사무소의 소재지에서 등기함으로써 그 효력이 생긴다.
000888,245909,조문,349,제42조(「민법」 등의 준용)
000888,245909,항,350,"① 학교법인의 해산과 청산에 관하여는 「민법」 제79조 및 제81조부터 제95조까지의 규정을 준용한다. 이 경우 「민법」 제79조 중 ""이사""는 ""이사장""으로 본다."
000888,245909,항,351,"② 학교법인의 청산인에 관하여는 제18조와 「민법」 제59조제2항, 제61조, 제62조, 제64조 및 제65조를 준용한다."
000888,245909,조문,352,제6절 지원과 감독 <개정 2020.12.22>
000888,245909,조문,353,제43조(지원)
000888,245909,항,354,① 국가 또는 지방자치단체는 교육 진흥에 필요하다고 인정할 때에는 사립학교 교육을 지원하기 위하여 대통령령 또는 해당 지방자치단체의 조례로 정하는 바에 따라 보조를 신청한 학교법인 또는 사학지원단체에 보조금을 교부하거나 그 밖의 지원을 할 수 있다.
000888,245909,항,355,② 관할청은 제1항 또는 제35조제5항에 따라 지원을 받은 학교법인 또는 사학지원단체에 대하여 다음 각 호의 권한을 가진다.
000888,245909,호,356,1. 지원에 필요한 경우에는 해당 학교법인 또는 사학지원단체로부터 그 업무 또는 회계 상황에 관한 보고를 받을 권한
000888,245909,호,357,2. 해당 학교법인 또는 사학지원단체의 예산이 지원 목적에 비추어 적당하지 아니하다고 인정할 때에는 그 예산에 대하여 필요한 변경조치를 권고할 권한
000888,245909,항,358,③ 국가 또는 지방자치단체는 제1항 또는 제35조제5항에 따라 학교법인 또는 사학지원단체를 지원하는 경우 그 지원성과가 저조하여 계속 지원하는 것이 적당하지 아니하다고 인정하거나 학교법인 또는 사학지원단체가 제2항에 따른 관할청의 권고에 따르지 아니할 때에는 그 후의 지원을 중단할 수 있다.
000888,245909,조문,359,제44조(실업교육의 우선적인 지원) 국가 또는 지방자치단체가 제35조제5항 또는 제43조제1항에 따라 학교법인을 지원하려는 경우에는 실업학교를 설치ㆍ경영하는 학교법인에 우선권을 주어야 한다.
000888,245909,조문,360,제45조(정관 변경 등)
000888,245909,항,361,① 학교법인의 정관을 변경하려면 이사 정수의 3분의 2 이상의 찬성으로 이사회의 의결을 거쳐야 한다.
000888,245909,항,362,② 학교법인이 제1항에 따라 정관을 변경한 경우에는 교육부장관이 정하여 고시하는 서류를 갖추어 14일 이내에 교육부장관에게 보고하여야 한다.
000888,245909,항,363,③ 제2항에 따른 보고를 받은 교육부장관은 변경 사항이 법령에 위반된다고 판단하면 30일 이내에 해당 학교법인에 시정 또는 변경을 명할 수 있다.
000888,245909,항,364,"④ 제3항에 따른 시정 또는 변경 명령을 받은 학교법인은 지체 없이 이를 시정하거나 변경하고, 그 사실을 교육부장관에게 보고하여야 한다."
000888,245909,조문,365,제46조(수익사업의 정지명령) 관할청은 제6조제1항에 따라 수익사업을 하는 학교법인에 다음 각 호의 어느 하나에 해당하는 사유가 있다고 인정할 때에는 해당 학교법인에 그 사업의 정지를 명할 수 있다.
000888,245909,항,366,
000888,245909,호,367,1. 해당 학교법인이 그 사업으로부터 생긴 수익을 그가 설치한 사립학교의 경영 외의 목적에 사용하였을 때
000888,245909,호,368,2. 해당 사업을 계속하는 것이 그 학교법인이 설치ㆍ경영하는 사립학교의 교육에 지장을 줄 때
000888,245909,조문,369,제47조(해산명령)
000888,245909,항,370,① 교육부장관은 학교법인에 다음 각 호의 어느 하나에 해당하는 사유가 있다고 인정할 때에는 해당 학교법인에 해산을 명할 수 있다.
000888,245909,호,371,1. 설립허가 조건을 위반하였을 때
000888,245909,호,372,2. 목적 달성이 불가능할 때
000888,245909,항,373,② 제1항에 따른 학교법인의 해산명령은 다른 방법으로는 감독의 목적을 달성할 수 없을 때 또는 관할청이 시정을 지시한 후 6개월이 지나도 이에 따르지 아니하였을 때에만 한다.
000888,245909,조문,374,제47조의2(청문) 교육부장관은 제47조에 따라 학교법인의 해산을 명하려는 경우에는 청문을 하여야 한다.
000888,245909,조문,375,"제48조(보고징수 등) 관할청은 감독상 필요할 때에는 학교법인 또는 사학지원단체에 보고서 제출을 명하거나, 장부ㆍ서류 등을 검사할 수 있으며 이에 따른 필요한 조치를 명할 수 있다."
000888,245909,조문,376,제48조의2(해산된 학교법인 등에 대한 기록물 관리)
000888,245909,항,377,"① 해산된 학교법인과 폐지ㆍ폐쇄된 학교에 관한 효율적인 기록물 관리와 소속 임원, 교직원 및 학생의 권익보호를 위하여 다음 각 호의 자는 학적부, 조직ㆍ회계ㆍ예산 관련 자료 등 대통령령으로 정하는 보관 중인 기록물을 교육부장관에게 제출하여야 한다."
000888,245909,호,378,1. 제34조제2항 또는 제47조에 따라 해산된 학교법인
000888,245909,호,379,2. 「고등교육법」 제4조제3항에 따라 학교 폐지의 인가를 받은 학교
000888,245909,호,380,3. 「고등교육법」 제62조에 따라 학교 폐쇄의 명령을 받은 학교
000888,245909,항,381,② 교육부장관은 제1항에 따라 제출된 기록물을 효율적으로 관리하기 위하여 「한국사학진흥재단법」에 따른 한국사학진흥재단을 전담기관으로 지정할 수 있다.
000888,245909,항,382,③ 그 밖에 해산된 학교법인 등의 기록물 이관 및 관리의 방법ㆍ절차 등에 관하여 필요한 사항은 대통령령으로 정한다.
000888,245909,조문,383,제49조 삭제 <1999.8.31>
000888,245909,조문,384,제3장 사립학교경영자 <개정 2020.12.22>
000888,245909,조문,385,제50조(학교법인으로의 조직 변경) 사립학교경영자 중 「민법」에 따른 재단법인은 그 조직을 변경하여 학교법인이 될 수 있다.
000888,245909,조문,386,"제51조(준용규정) 사립학교경영자에 관하여는 제5조, 제28조제2항, 제29조, 제31조, 제31조의2, 제32조, 제32조의2부터 제32조의4까지, 제33조, 제43조, 제44조 및 제48조를 준용한다. 다만, 제31조, 제31조의2, 제32조, 제32조의2부터 제32조의4까지 및 제33조는 그가 설치ㆍ경영하는 사립학교에 관한 부분에 한정하여 준용한다."
000888,245909,조문,387,제4장 사립학교 교원 <개정 2020.12.22>
000888,245909,조문,388,제1절 자격ㆍ임용ㆍ복무 <개정 2016.2.3>
000888,245909,조문,389,제52조(자격) 사립학교 교원의 자격에 관하여는 국립학교ㆍ공립학교의 교원의 자격에 관한 규정에 따른다.
000888,245909,조문,390,제53조(학교의 장의 임용)
000888,245909,항,391,① 각급 학교의 장은 해당 학교를 설치ㆍ경영하는 학교법인 또는 사립학교경영자가 임용한다.
000888,245909,항,392,② 제1항에 따라 학교법인이 대학교육기관의 장을 임기 중에 해임하려는 경우에는 이사 정수의 3분의 2 이상의 찬성에 의한 이사회의 의결을 거쳐야 한다.
000888,245909,항,393,"③ 각급 학교의 장의 임기는 학교법인 및 법인인 사립학교경영자의 경우에는 정관으로 정하고, 사인인 사립학교경영자의 경우에는 규칙으로 정하되, 4년을 초과할 수 없으며, 중임할 수 있다. 다만, 초ㆍ중등학교 및 특수학교의 장은 한 차례만 중임할 수 있다."
000888,245909,조문,394,제53조의2(학교의 장이 아닌 교원의 임용)
000888,245909,항,395,"① 각급 학교의 교원은 해당 학교법인 또는 사립학교경영자가 임용하되, 다음 각 호의 구분에 따른 방법으로 하여야 한다."
000888,245909,호,396,1. 학교법인 및 법인인 사립학교경영자가 설치ㆍ경영하는 사립학교의 교원: 해당 학교의 장의 제청으로 이사회의 의결을 거쳐 임용
000888,245909,호,397,2. 사인인 사립학교경영자가 설치ㆍ경영하는 사립학교의 교원: 해당 학교의 장의 제청으로 임용
000888,245909,항,398,② 대학교육기관의 교원 임용권과 고등학교 이하 각급학교 교원의 휴직 및 복직에 관한 사항은 해당 학교법인의 정관으로 정하는 바에 따라 학교의 장에게 위임할 수 있다. <개정 2021.8.10>
000888,245909,항,399,"③ 대학교육기관의 교원은 정관으로 정하는 바에 따라 근무기간ㆍ급여ㆍ근무조건, 업적 및 성과약정 등 계약조건을 정하여 임용할 수 있다. 이 경우 근무기간에 관하여는 국립대학ㆍ공립대학의 교원에게 적용되는 관련 규정을 준용한다."
000888,245909,항,400,④ 제3항에 따라 임용된 교원의 임용권자는 해당 교원에게 임용기간 만료일 4개월 전까지 임용기간이 만료된다는 사실과 재임용 심의를 신청할 수 있음을 통지(문서에 의한 통지를 말한다. 이하 이 조에서 같다)하여야 한다.
000888,245909,항,401,⑤ 제4항에 따라 통지를 받은 교원이 재임용을 받으려는 경우에는 통지받은 날부터 15일 이내에 재임용 심의를 임용권자에게 신청하여야 한다.
000888,245909,항,402,"⑥ 제5항에 따른 재임용 심의 신청을 받은 임용권자는 제53조의4에 따른 교원인사위원회의 재임용 심의를 거쳐 해당 교원을 재임용할지를 결정하고, 그 사실을 임용기간 만료일 2개월 전까지 해당 교원에게 통지하여야 한다. 이 경우 해당 교원을 재임용하지 아니하기로 결정하였을 때에는 재임용하지 아니하겠다는 의사와 재임용 거부 사유를 구체적으로 밝혀 통지하여야 한다."
000888,245909,항,403,⑦ 교원인사위원회가 제6항에 따라 해당 교원의 재임용 여부를 심의할 때에는 다음 각 호의 사항에 관한 평가 등 객관적인 사유로서 학칙에서 정하는 사유에 근거하여야 한다. 이 경우 심의 과정에서 15일 이상의 기간을 정하여 해당 교원에게 지정된 기일에 교원인사위원회에 출석하여 의견을 진술하거나 서면으로 의견을 제출할 기회를 주어야 한다.
000888,245909,호,404,1. 학생교육에 관한 사항
000888,245909,호,405,2. 학문연구에 관한 사항
000888,245909,호,406,3. 학생지도에 관한 사항
000888,245909,호,407,4. 「산업교육진흥 및 산학연협력촉진에 관한 법률」 제2조제6호에 따른 산학연협력에 관한 사항
000888,245909,항,408,⑧ 교원인사위원회는 교원의 재임용을 심의하는 경우 해당 교원의 평가 등에 제7항 각 호의 사항에 대한 실적과 성과가 「고등교육법」 제15조에 따른 해당 교원의 임무에 비추어 적정하게 반영될 수 있도록 필요한 조치를 하여야 한다.
000888,245909,항,409,⑨ 재임용이 거부된 교원이 재임용 거부처분에 대하여 불복하려는 경우에는 그 처분이 있음을 안 날부터 30일 이내에 「교원의 지위 향상 및 교육활동 보호를 위한 특별법」 제7조에 따른 교원소청심사위원회에 심사를 청구할 수 있다.
000888,245909,항,410,"⑩ 고등학교 이하 각급 학교 교원의 신규채용은 공개전형으로 하며, 담당할 직무에 필요한 자격요건과 공개전형의 실시에 필요한 사항은 대통령령으로 정한다."
000888,245909,항,411,"⑪ 「초ㆍ중등교육법」 제19조에 따른 교원의 임용권자는 제10항에 따른 공개전형을 실시할 때에는 필기시험을 포함하여야 하고, 필기시험은 시ㆍ도 교육감에게 위탁하여 실시하여야 한다. 다만, 대통령령으로 정하는 바에 따라 시ㆍ도 교육감의 승인을 받은 경우에는 필기시험을 포함하지 아니하거나 시ㆍ도 교육감에게 위탁하지 아니할 수 있다. <신설 2021.9.24>"
000888,245909,조문,412,제53조의3(부정행위자에 대한 조치) 제53조의2제10항에 따른 각급 학교 교원의 신규채용을 위한 공개전형 채용시험에서 부정한 행위를 한 사람에 관하여는 「교육공무원법」 제11조의2를 준용한다.
000888,245909,조문,413,제53조의4(교원인사위원회)
000888,245909,항,414,① 각급 학교(고등기술학교ㆍ고등공민학교ㆍ유치원과 이들에 준하는 각종학교는 제외한다)의 교원(학교의 장은 제외한다)의 임용 등 인사에 관한 중요 사항을 심의하기 위하여 해당 학교에 교원인사위원회를 둔다. <개정 2021.8.10>
000888,245909,항,415,"② 교원인사위원회의 조직ㆍ기능과 운영에 필요한 사항은 학교법인 및 법인인 사립학교경영자의 경우에는 정관으로 정하고, 사인인 사립학교경영자의 경우에는 규칙으로 정한다."
000888,245909,조문,416,제53조의5(학교의 장이 아닌 대학교육기관 교원의 신규채용 등) 학교의 장이 아닌 대학교육기관 교원의 임용에 관하여는 「교육공무원법」 제11조의3을 준용한다.
000888,245909,조문,417,제54조(임용에 관한 보고 및 해임 등의 요구)
000888,245909,항,418,① 각급 학교의 교원 임용권자는 교원을 임용(각급 학교의 장으로서 임기 만료로 해임된 경우는 제외한다)하였을 때에는 임용한 날부터 7일 이내에 관할청에 보고하여야 한다. <개정 2020.12.22>
000888,245909,항,419,② 삭제 <1990.4.7>
000888,245909,항,420,③ 관할청은 사립학교의 교원이 이 법에 규정된 면직 사유 및 징계 사유에 해당할 때에는 해당 교원의 임용권자에게 해임 또는 징계를 요구할 수 있다. 이 경우 해임 또는 징계를 요구받은 임용권자는 특별한 사유가 없으면 이에 따라야 한다. <개정 2020.12.22>
000888,245909,조문,421,제54조의2(해임 요구)
000888,245909,항,422,① 관할청은 각급 학교의 장이 다음 각 호의 어느 하나에 해당할 때에는 임용권자에게 해당 학교의 장의 해임을 요구할 수 있다. 이 경우 해임을 요구받은 임용권자는 특별한 사유가 없으면 이에 따라야 한다.
000888,245909,호,423,1. 제58조제1항 각 호의 어느 하나에 해당할 때
000888,245909,호,424,"2. 학생의 입학(편입학을 포함한다), 수업 및 졸업에 관한 해당 학교의 장의 권한에 속하는 사항으로서 교육 관계 법률 또는 그 법률에 따른 명령을 위반하였을 때"
000888,245909,호,425,"3. 이 법, 이 법에 따른 명령 또는 다른 교육 관계 법령을 위반하였을 때"
000888,245909,호,426,4. 학교에 속하는 회계의 집행에 관하여 부정한 일을 하였거나 현저히 부당한 일을 하였을 때
000888,245909,항,427,② 제1항에 따른 해임 요구는 관할청이 해당 학교법인 또는 사립학교경영자에게 그 사유를 밝혀 시정을 요구한 날부터 15일이 지나도 이에 따르지 아니한 경우에만 한다.
000888,245909,조문,428,제54조의3(임명의 제한)
000888,245909,항,429,① 다음 각 호의 어느 하나에 해당하는 사람은 학교의 장에 임명될 수 없다.
000888,245909,호,430,1. 제20조의2에 따라 임원 취임의 승인이 취소된 후 5년이 지나지 아니한 사람
000888,245909,호,431,2. 제54조의2에 따른 해임 요구에 의하여 해임된 후 3년이 지나지 아니한 사람
000888,245909,호,432,3. 제61조에 따라 파면된 후 5년이 지나지 아니한 사람
000888,245909,호,433,4. 「교육공무원법」 제10조의4 각 호의 어느 하나에 해당하는 사람
000888,245909,항,434,② 제1항제1호부터 제3호까지에 해당하는 사람으로서 그 임명 제한 기간이 지난 사람이 학교의 장으로 취임하려면 재적이사 3분의 2 이상의 찬성이 있어야 한다.
000888,245909,항,435,"③ 학교법인의 이사장과 다음 각 호의 어느 하나의 관계인 사람은 해당 학교법인이 설치ㆍ경영하는 학교의 장에 임명될 수 없다. 다만, 이사 정수의 3분의 2 이상의 찬성과 관할청의 승인을 받은 사람은 그러하지 아니하다."
000888,245909,호,436,1. 배우자
000888,245909,호,437,2. 직계존속 및 직계비속과 그 배우자
000888,245909,항,438,④ 학교의 장으로 임명되어 있는 사람이 학교법인의 이사장의 변경 또는 친족 관계의 변동 등으로 인하여 학교법인의 이사장과 제3항 각 호의 어느 하나의 관계가 된 경우에는 그 사유가 발생한 날부터 3개월 이내에 이사 정수의 3분의 2 이상의 찬성과 관할청의 승인을 받아야 한다.
000888,245909,항,439,⑤ 제1항제4호에 해당하는 사람은 교원으로 임명될 수 없다.
000888,245909,항,440,"⑥ 이 법에 따른 교원(제54조의4에 따른 기간제교원을 포함한다), 국립학교ㆍ공립학교의 교원(「교육공무원법」 제32조에 따른 기간제교원을 포함한다), 「유아교육법」 제23조에 따른 강사 등 또는 「초ㆍ중등교육법」 제22조에 따른 산학겸임교사 등으로 재직하는 동안 다음 각 호의 어느 하나의 행위로 인하여 파면ㆍ해임되거나 금고 이상의 형을 선고받은 사람(집행유예의 형을 선고받은 후 그 집행유예기간이 지난 사람을 포함한다)은 고등학교 이하 각급 학교의 교원으로 임명될 수 없다. 다만, 제62조에 따른 교원징계위원회에서 해당 교원의 반성 정도 등을 고려하여 교원으로서 직무를 수행할 수 있다고 의결한 경우에는 그러하지 아니하다."
000888,245909,호,441,1. 금품수수 행위
000888,245909,호,442,2. 시험문제 유출 및 성적 조작 등 학생성적 관련 비위(非違) 행위
000888,245909,호,443,3. 학생에 대한 신체적 폭력 행위
000888,245909,항,444,⑦ 제6항 각 호 외의 부분 단서에 따른 교원징계위원회의 의결은 재적위원 3분의 2 이상의 출석과 출석위원 과반수의 찬성으로 한다.
000888,245909,조문,445,제54조의4(기간제교원)
000888,245909,항,446,"① 각급 학교 교원의 임용권자는 다음 각 호의 어느 하나에 해당하는 사유가 있을 때에는 교원자격증을 가진 사람 중에서 기간을 정하여 임용하는 교원(이하 ""기간제교원""이라 한다)을 임용할 수 있다. 이 경우 임용권자는 학교법인의 정관 등으로 정하는 바에 따라 그 권한을 학교의 장에게 위임할 수 있다."
000888,245909,호,447,1. 교원이 제59조제1항 각 호의 어느 하나에 해당하는 사유로 휴직하여 후임자의 보충이 불가피할 때
000888,245909,호,448,2. 교원이 파견ㆍ연수ㆍ정직ㆍ직위해제 또는 휴가 등으로 1개월 이상 직무에 종사할 수 없어 후임자의 보충이 불가피할 때
000888,245909,호,449,3. 파면ㆍ해임 또는 면직 처분을 받은 교원이 「교원의 지위 향상 및 교육활동 보호를 위한 특별법」 제9조제1항에 따라 교원소청심사위원회에 소청심사를 청구하여 후임자의 보충발령을 하지 못하게 되었을 때
000888,245909,호,450,4. 특정 교과를 한시적으로 담당할 교원이 필요할 때
000888,245909,항,451,"② 기간제교원에 대해서는 제56조, 제58조제2항, 제58조의2, 제59조, 제61조, 제61조의2, 제62조, 제62조의2, 제63조, 제64조, 제64조의2, 제65조, 제66조, 제66조의2, 제66조의3제2항ㆍ제3항 및 제66조의4를 적용하지 아니하며, 임용기간이 만료되면 당연히 퇴직된다."
000888,245909,항,452,"③ 기간제교원의 임용기간은 1년 이내로 하되, 필요한 경우 3년의 범위에서 그 기간을 연장할 수 있다."
000888,245909,항,453,④ 기간제교원의 임용에 관하여는 제54조의3제5항 및 제6항을 준용한다.
000888,245909,조문,454,제54조의5 삭제 <2019.8.20>
000888,245909,조문,455,제55조(복무)
000888,245909,항,456,① 사립학교 교원의 복무에 관하여는 국립학교ㆍ공립학교 교원에 관한 규정을 준용한다.
000888,245909,항,457,② 제1항에 따라 준용되는 「국가공무원법」 제64조에도 불구하고 의학ㆍ한의학 또는 치의학에 관한 학과를 두는 대학의 소속 교원은 학생의 임상교육을 위하여 필요한 경우 대학의 장의 허가를 받아 대통령령으로 정하는 기준을 충족하는 병원에 겸직할 수 있다.
000888,245909,항,458,"③ 제2항에 따른 겸직 허가의 기준과 절차, 겸직 교원의 직무와 보수 등에 관하여 필요한 사항은 대통령령으로 정한다."
000888,245909,조문,459,제55조의2(연수의 기회균등) 사립학교의 교원에게는 「교육공무원법」 제39조제1항에 따른 연수기관에서 재교육을 받거나 연수할 기회가 균등하게 주어져야 한다.
000888,245909,조문,460,제55조의3(연수기관 및 근무장소 외에서의 연수) 사립학교의 교원은 수업에 지장을 주지 아니하는 범위에서 소속 학교의 장의 승인을 받아 연수기관이나 근무장소 외의 시설 또는 장소에서 연수를 받을 수 있다.
000888,245909,조문,461,제55조의4(연수 실적) 학교의 장은 정기적으로 또는 수시로 그 소속 사립학교의 교원의 재교육 및 연수 실적을 인사관리에 반영할 수 있다.
000888,245909,조문,462,제2절 신분보장 및 사회보장 <개정 2020.12.22>
000888,245909,조문,463,제56조(의사에 반한 휴직ㆍ면직 등의 금지)
000888,245909,항,464,"① 사립학교 교원은 형(刑)의 선고, 징계처분 또는 이 법에서 정하는 사유에 의하지 아니하고는 본인의 의사에 반하여 휴직이나 면직 등 불리한 처분을 받지 아니한다. 다만, 학급이나 학과의 개편 또는 폐지로 인하여 직책이 없어지거나 정원이 초과된 경우에는 그러하지 아니하다."
000888,245909,항,465,② 사립학교 교원은 권고에 의하여 사직을 당하지 아니한다.
000888,245909,조문,466,제57조(당연퇴직의 사유)
000888,245909,항,467,"① 사립학교 교원이 「교육공무원법」 제10조의4 각 호의 어느 하나에 해당하게 되면 당연히 퇴직한다. 다만, 「국가공무원법」 제33조제5호는 「형법」 제129조부터 제132조까지 및 직무와 관련하여 같은 법 제355조 및 제356조에 규정된 죄를 범한 사람으로서 금고 이상의 형의 선고유예를 받은 경우만 해당하며, 「국가공무원법」 제33조제6호의2를 적용할 때 ""공무원""은 ""교원""으로 본다. <개정 2022.12.13>"
000888,245909,항,468,"② 사립학교 교원 중 대학(「고등교육법」 제2조 각 호의 학교를 말한다)의 교수, 부교수 및 조교수가 교원으로 재직기간 중 직무와 관련하여 「형법」 제347조 또는 제351조(제347조의 상습범에 한정한다)에 규정된 죄를 저질러 300만원 이상의 벌금형을 선고받고 그 형이 확정된 경우에는 당연히 퇴직한다. <신설 2022.12.13>"
000888,245909,조문,469,제58조(면직의 사유)
000888,245909,항,470,① 사립학교 교원이 다음 각 호의 어느 하나에 해당할 때에는 해당 교원의 임용권자는 그 교원을 면직시킬 수 있다.
000888,245909,호,471,1. 휴직 기간이 끝나거나 휴직 사유가 소멸된 후에도 직무에 복귀하지 아니하거나 직무를 감당할 수 없을 때
000888,245909,호,472,2. 근무성적이 매우 불량할 때
000888,245909,호,473,3. 정부 파괴를 목적으로 하는 단체에 가입하고 이를 방조(幇助)하였을 때
000888,245909,호,474,4. 정치운동을 하거나 집단적으로 수업을 거부하거나 어느 정당을 지지 또는 반대하기 위하여 학생을 지도ㆍ선동하였을 때
000888,245909,호,475,5. 인사기록에 있어서 부정한 채점ㆍ기재를 하거나 거짓 증명 또는 진술을 하였을 때
000888,245909,호,476,6. 거짓이나 그 밖의 부정한 방법으로 임용되었을 때
000888,245909,항,477,② 제1항제2호부터 제6호까지의 규정에 따른 사유로 면직시키는 경우에는 제62조에 따른 교원징계위원회의 동의를 받아야 한다.
000888,245909,조문,478,제58조의2(직위의 해제)
000888,245909,항,479,① 사립학교 교원이 다음 각 호의 어느 하나에 해당하는 경우에는 그 교원의 임용권자는 직위를 부여하지 아니할 수 있다.
000888,245909,호,480,1. 직무수행능력이 부족하거나 근무성적이 매우 불량하거나 교원으로서 근무태도가 매우 불성실한 경우
000888,245909,호,481,2. 징계의결이 요구 중인 경우
000888,245909,호,482,3. 형사사건으로 기소된 경우(약식명령이 청구된 경우는 제외한다)
000888,245909,호,483,"4. 금품비위, 성범죄 등 대통령령으로 정하는 비위행위로 인하여 감사원 및 검찰ㆍ경찰 등 수사기관에서 조사나 수사 중인 경우로서 비위의 정도가 중대하고 이로 인하여 정상적인 업무수행을 기대하기 현저히 어려운 경우"
000888,245909,항,484,② 제1항에 따라 직위를 부여하지 아니한 경우에 그 사유가 소멸되면 임용권자는 지체 없이 직위를 부여하여야 한다.
000888,245909,항,485,③ 임용권자는 제1항제1호에 따라 직위해제된 사람에게 3개월 이내의 기간대기를 명한다.
000888,245909,항,486,④ 임용권자는 제3항에 따라 대기명령을 받은 사람에게 능력 회복이나 태도 개선을 위한 연수 또는 특별한 연구과제의 부과 등 필요한 조치를 하여야 한다.
000888,245909,항,487,⑤ 사립학교 교원에게 제1항제1호와 같은 항 제2호ㆍ제3호 또는 제4호의 직위해제 사유가 함께 있는 경우에는 같은 항 제2호ㆍ제3호 또는 제4호를 사유로 직위해제 처분을 하여야 한다.
000888,245909,조문,488,제59조(휴직의 사유)
000888,245909,항,489,"① 사립학교 교원이 다음 각 호의 어느 하나에 해당하는 사유로 휴직을 원하면 그 교원의 임용권자는 휴직을 명할 수 있다. 다만, 제1호부터 제4호까지 및 제11호의 경우에는 본인의 의사와 관계없이 휴직을 명하여야 하고, 제7호 및 제7호의2의 경우에는 본인이 원하면 휴직을 명하여야 한다."
000888,245909,호,490,1. 신체ㆍ정신상의 장애로 장기요양이 필요한 경우(불임ㆍ난임으로 인하여 장기간의 치료가 필요한 경우를 포함한다)
000888,245909,호,491,2. 「병역법」에 따른 병역의 복무를 위하여 징집되거나 소집된 경우
000888,245909,호,492,3. 천재지변이나 전시ㆍ사변 또는 그 밖의 사유로 생사나 소재(所在)를 알 수 없게 된 경우
000888,245909,호,493,4. 그 밖에 법률에 따른 의무를 수행하기 위하여 직무를 이탈하게 된 경우
000888,245909,호,494,5. 학위취득을 목적으로 해외 유학을 하거나 외국에서 1년 이상 연구 또는 연수를 하게 된 경우
000888,245909,호,495,"6. 국제기구, 외국기관, 국내외의 대학ㆍ연구기관, 국가기관, 재외교육기관(「재외국민의 교육지원 등에 관한 법률」 제2조제2호의 재외교육기관을 말한다) 또는 정관으로 정하는 민간단체에 임시로 고용되는 경우"
000888,245909,호,496,7. 만 8세 이하 또는 초등학교 2학년 이하의 자녀를 양육하기 위하여 필요하거나 여성 교원이 임신 또는 출산하게 된 경우
000888,245909,호,497,7의2. 만 19세 미만의 아동 청소년(제7호에 따른 육아휴직의 대상이 되는 아동은 제외한다)을 입양하는 경우
000888,245909,호,498,8. 교육부장관이 지정하는 국내의 연구기관이나 교육기관 등에서 연수하게 된 경우
000888,245909,호,499,"9. 사고 또는 질병 등으로 장기간 요양이 필요한 부모, 배우자, 자녀 또는 배우자의 부모를 간호하기 위하여 필요한 경우"
000888,245909,호,500,10. 배우자가 국외 근무를 하게 되거나 제5호에 해당하게 된 경우
000888,245909,호,501,11. 「교원의 노동조합 설립 및 운영 등에 관한 법률」 제5조에 따라 노동조합 전임자로 종사하게 된 경우
000888,245909,호,502,12. 「사립학교교직원 연금법」 제31조에 따라 계산한 재직기간이 10년 이상인 교원이 자기개발을 위하여 학습ㆍ연구 등을 하게 된 경우
000888,245909,호,503,13. 그 밖에 정관으로 정하는 사유가 있는 경우
000888,245909,항,504,"② 제1항제7호의 사유로 인한 휴직기간은 자녀 1명에 대하여 3년 이내로 하되 분할하여 휴직할 수 있고, 같은 항 제7호의2의 사유로 인한 휴직기간은 입양자녀 1명에 대하여 6개월 이내로 한다."
000888,245909,항,505,"③ 임용권자는 제1항제7호 및 제7호의2에 따른 휴직을 이유로 인사상 불리한 처우를 하여서는 아니 되고, 같은 호의 휴직기간은 근속기간에 포함하며, 그 밖에 같은 호에 따른 휴직자의 신분 및 처우 등에 관하여 필요한 사항은 대통령령으로 정한다."
000888,245909,항,506,④ 제1항부터 제3항까지에서 규정한 사항 외에 휴직기간과 휴직자의 신분 및 처우 등에 관하여는 정관(사립학교경영자의 경우에는 그가 정하는 교원의 신분보장 및 징계에 관한 규칙을 말한다. 이하 이 절에서 같다)으로 정한다.
000888,245909,조문,507,제60조(교원의 불체포특권) 사립학교 교원은 현행범인 경우를 제외하고는 소속 학교장의 동의 없이 학원(學園) 안에서 체포되지 아니한다.
000888,245909,조문,508,제60조의2(사회보장)
000888,245909,항,509,① 사립학교의 교원 및 사무직원이 질병에 걸리거나 부상ㆍ장해 또는 재해를 입거나 퇴직 또는 사망하였을 때에는 본인이나 그 유족에게 법률에서 정하는 바에 따라 적절한 급여를 지급한다.
000888,245909,항,510,② 제1항의 법률에는 다음 각 호의 사항이 규정되어야 한다.
000888,245909,호,511,1. 상당한 기간 동안 근무하고 퇴직하거나 사망한 경우에 본인이나 그 유족에게 연금이나 일시금을 지급하는 사항
000888,245909,호,512,2. 직무로 인한 부상 또는 질병으로 사망하거나 퇴직한 경우에 본인이나 그 유족에게 연금이나 보상금을 지급하는 사항
000888,245909,호,513,3. 직무로 인한 부상 또는 질병으로 인한 요양기간 중 소득능력에 장애를 받을 경우에 본인이 받는 손실보상에 관한 사항
000888,245909,호,514,"4. 직무로 인하지 아니한 사망ㆍ장해ㆍ부상ㆍ질병ㆍ출산, 그 밖의 사고에 대한 급여의 지급에 관한 사항"
000888,245909,조문,515,제60조의3(명예퇴직)
000888,245909,항,516,① 사립학교 교원으로서 20년 이상 근속한 사람이 정년 전에 스스로 퇴직하는 경우에는 예산의 범위에서 명예퇴직수당을 지급할 수 있다.
000888,245909,항,517,"② 제1항의 명예퇴직수당의 지급대상 범위, 지급액, 지급 절차, 그 밖에 필요한 사항은 정관으로 정한다."
000888,245909,조문,518,제3절 징계 <개정 2020.12.22>
000888,245909,조문,519,제61조(징계의 사유 및 종류)
000888,245909,항,520,"① 사립학교 교원이 다음 각 호의 어느 하나에 해당할 때에는 해당 교원의 임용권자는 징계의결을 요구하여야 하고, 징계의결의 결과에 따라 징계처분을 하여야 한다."
000888,245909,호,521,1. 이 법과 그 밖의 교육 관계 법령을 위반하여 교원의 본분에 어긋나는 행위를 하였을 때
000888,245909,호,522,2. 직무상의 의무를 위반하거나 직무를 게을리하였을 때
000888,245909,호,523,3. 직무 관련 여부에 상관없이 교원으로서의 품위를 손상하는 행위를 하였을 때
000888,245909,항,524,"② 징계는 파면, 해임, 강등, 정직, 감봉, 견책으로 한다. <개정 2021.8.10>"
000888,245909,항,525,"③ 강등은 동종의 직무 내에서 하위의 직위에 임명하고, 신분은 보유하나 3개월간 직무에 종사하지 못하며 그 기간 중 보수의 전액을 감한다. 다만, 「고등교육법」 제14조에 해당하는 교원 및 조교에 대하여는 강등을 적용하지 아니한다. <신설 2021.8.10>"
000888,245909,항,526,"④ 정직은 1개월 이상 3개월 이하의 기간으로 하고, 정직처분을 받은 사람은 그 기간 중 교원의 신분은 보유하나 직무에 종사할 수 없으며 보수의 전액을 감한다. <개정 2021.8.10>"
000888,245909,항,527,"⑤ 감봉은 1개월 이상 3개월 이하의 기간으로 하고, 보수의 3분의 1을 감한다. <개정 2021.8.10>"
000888,245909,항,528,⑥ 견책은 전과(前過)에 대하여 훈계하고 뉘우치게 한다. <개정 2021.8.10>
000888,245909,조문,529,제61조의2(의원면직을 신청한 교원의 징계 사유 확인 등)
000888,245909,항,530,"① 각급 학교 교원의 임용권자는 교원이 의원면직을 신청한 경우 다음 각 호의 사항을 감사원과 검찰ㆍ경찰, 그 밖의 수사기관에 확인하여야 한다."
000888,245909,호,531,1. 제61조제1항에 따른 징계 사유가 있는지 여부
000888,245909,호,532,2. 제4항에 따른 의원면직의 제한대상에 해당하는지 여부
000888,245909,항,533,"② 제1항제1호에 따른 확인 결과 「국가공무원법」 제79조에 따른 파면ㆍ해임ㆍ강등ㆍ정직에 준하는 정도의 징계(이하 ""중징계""라 한다)에 해당하는 징계 사유가 있는 경우 해당 교원의 임용권자는 지체 없이 제62조에 따른 교원징계위원회에 징계의결을 요구하여야 한다. 이 경우 임용권자는 제58조의2제1항제2호에 따라 해당 교원에게 직위를 부여하지 아니할 수 있다."
000888,245909,항,534,③ 제62조에 따른 교원징계위원회는 제2항에 따라 징계의결이 요구된 경우 다른 징계사건에 우선하여 징계의결을 하여야 한다.
000888,245909,항,535,"④ 각급 학교 교원의 임용권자는 의원면직을 신청한 교원이 다음 각 호의 어느 하나에 해당하는 경우 의원면직을 허용해서는 아니 된다. 다만, 제1호ㆍ제3호 및 제4호의 경우에는 그 비위 정도가 중징계에 해당하는 경우로 한정한다."
000888,245909,호,536,1. 비위와 관련하여 형사사건으로 기소 중인 경우
000888,245909,호,537,2. 제62조에 따른 교원징계위원회에 중징계 의결을 요구 중인 경우
000888,245909,호,538,3. 감사원ㆍ검찰ㆍ경찰 및 그 밖의 수사기관에서 비위와 관련하여 조사 또는 수사 중인 경우
000888,245909,호,539,4. 관할청의 감사부서 등에서 비위와 관련하여 감사 또는 조사 중인 경우
000888,245909,항,540,⑤ 제4항에 따른 의원면직의 제한 및 제한대상의 확인에 필요한 사항은 대통령령으로 정한다.
000888,245909,조문,541,제62조(교원징계위원회의 설치 및 구성 등)
000888,245909,항,542,"① 사립학교 교원의 징계사건 및 제54조의3제6항 각 호 외의 부분 단서에 따른 교원의 임명에 관한 사항을 심의ㆍ의결하기 위하여 그 임용권자의 구분에 따라 학교법인ㆍ사립학교경영자 및 해당 학교에 교원징계위원회를 둔다. 다만, 사립유치원 교원의 징계사건은 「교육공무원법」 제50조에 따라 설치되는 교육공무원 징계위원회에서 심의ㆍ의결한다."
000888,245909,항,543,② 제1항에 따른 교원징계위원회는 위원장 1명을 포함한 5명 이상 11명 이하의 범위에서 학교의 규모 등을 고려하여 대통령령으로 정하는 수의 위원으로 구성한다. <개정 2021.9.24>
000888,245909,항,544,③ 교원징계위원회의 위원은 다음 각 호의 사람 중에서 해당 학교법인이나 사립학교경영자 또는 학교의 장(제53조의2제2항에 따라 교원의 임용권이 학교의 장에게 위임된 경우로 한정한다)이 임명하거나 위촉한다. <개정 2021.9.24>
000888,245909,호,545,1. 해당 학교의 교원 또는 학교법인의 이사
000888,245909,호,546,2. 다음 각 목의 어느 하나에 해당하는 사람
000888,245909,목,547,"가. 법관, 검사 또는 변호사로 5년 이상 근무한 경력이 있는 사람"
000888,245909,목,548,"나. 대학에서 법학, 행정학 또는 교육학을 담당하는 조교수 이상으로 재직 중인 사람"
000888,245909,목,549,다. 공무원으로 20년 이상 근속하고 퇴직한 사람
000888,245909,목,550,라. 학교운영위원회의 학부모위원(「초ㆍ중등교육법」 제2조에 따른 학교에 두는 교원징계위원회의 경우로 한정한다)
000888,245909,목,551,마. 그 밖에 교육이나 교육행정에 대한 전문지식과 경험이 풍부하다고 인정되는 사람
000888,245909,항,552,④ 교원징계위원회는 다음 각 호에서 정한 기준에 따라 구성한다. <개정 2021.9.24>
000888,245909,호,553,"1. 제3항제2호에 따라 위촉된 위원(이하 이 조 및 제62조의2에서 ""외부위원""이라 한다)을 최소 2명 이상 포함할 것"
000888,245909,호,554,2. 외부위원은 해당 학교법인 또는 사립학교경영자가 설치ㆍ경영하는 학교에 소속된 사람이 아닐 것
000888,245909,호,555,3. 학교법인에 두는 교원징계위원회의 경우에는 해당 학교법인의 이사인 위원 수가 전체 위원 수의 2분의 1을 초과하지 아니할 것
000888,245909,호,556,4. 「초ㆍ중등교육법」 제2조에 따른 학교의 경우에는 외부위원에 제3항제2호라목에 따라 위촉된 위원을 최소 1명 이상 포함할 것
000888,245909,호,557,5. 특정 성(性)이 위원장을 포함한 위원 수의 10분의 6을 초과하지 아니할 것
000888,245909,항,558,"⑤ 교원징계위원회의 조직, 권한 및 심의 절차 등에 관하여 필요한 사항은 대통령령으로 정한다."
000888,245909,조문,559,제62조의2(외부위원의 임기 등)
000888,245909,항,560,"① 외부위원의 임기는 3년으로 하며, 한 차례만 연임할 수 있다."
000888,245909,항,561,② 학교법인이나 사립학교경영자 또는 학교의 장(제53조의2제2항에 따라 교원의 임용권이 학교의 장에게 위임된 경우에 한정한다)은 외부위원이 다음 각 호의 어느 하나에 해당하는 경우에는 해당 위원을 해촉(解囑)할 수 있다.
000888,245909,호,562,1. 심신장애로 직무를 수행할 수 없게 된 경우
000888,245909,호,563,2. 직무와 관련된 비위사실이 있는 경우
000888,245909,호,564,"3. 직무태만, 품위손상이나 그 밖의 사유로 위원으로 적합하지 아니하다고 인정되는 경우"
000888,245909,호,565,4. 위원 스스로 직무를 수행하는 것이 곤란하다고 의사를 밝히는 경우
000888,245909,호,566,5. 제66조의5에 따른 비밀누설금지의무를 위반한 경우
000888,245909,조문,567,제62조의3(징계심의위원회의 설치 및 구성 등)
000888,245909,항,568,① 제66조의2 및 제70조의6에 따른 재심의를 위하여 시ㆍ도 교육청에 징계심의위원회를 둔다.
000888,245909,항,569,② 제1항에 따른 징계심의위원회는 위원장 1명을 포함한 5명 이상 9명 이하의 위원으로 성별을 고려하여 구성한다.
000888,245909,항,570,③ 징계심의위원회의 위원은 다음 각 호의 사람 중에서 시ㆍ도 교육감이 위촉한다.
000888,245909,호,571,"1. 법관, 검사 또는 변호사로 5년 이상 근무한 경력이 있는 사람"
000888,245909,호,572,2. 대학에서 법학 또는 행정학을 담당하는 부교수 이상으로 재직 중인 사람
000888,245909,호,573,3. 공무원으로 20년 이상 근속하고 퇴직한 사람
000888,245909,호,574,4. 그 밖에 교육이나 교육행정에 대한 전문지식과 경험이 풍부하다고 인정되는 사람
000888,245909,항,575,"④ 제3항에 따른 위원의 임기는 3년으로 하며, 한 차례만 연임할 수 있다."
000888,245909,항,576,⑤ 징계심의위원회의 조직ㆍ권한 및 심의 절차 등에 필요한 사항은 대통령령으로 정한다.
000888,245909,조문,577,제63조(제척 사유) 교원징계위원회 위원은 본인이나 친족에 관한 징계사건의 심의에 관여할 수 없다.
000888,245909,조문,578,제64조(징계의결의 요구) 사립학교 교원의 임용권자는 소속 교원 중에 제61조제1항의 징계 사유에 해당하는 사람이 있을 때에는 미리 충분한 조사를 한 후 해당 징계사건을 관할하는 교원징계위원회에 징계의결을 요구하여야 한다.
000888,245909,조문,579,제64조의2(징계의결 요구 사유의 통지) 징계의결 요구권자가 제64조에 따라 징계의결을 요구할 때에는 징계의결 요구와 동시에 징계대상자에게 징계 사유를 적은 설명서를 보내야 한다.
000888,245909,조문,580,제65조(진상조사 및 의견진술)
000888,245909,항,581,"① 교원징계위원회는 징계사건을 심의할 때 진상을 조사하여야 하며, 징계의결을 하기 전에 본인의 진술을 들어야 한다. 다만, 2회 이상 서면으로 소환하여도 응하지 아니할 때에는 예외로 한다."
000888,245909,항,582,② 교원징계위원회는 필요하다고 인정하는 경우에는 관계인 또는 관계 전문가를 출석하게 하여 의견을 들을 수 있다.
000888,245909,조문,583,제66조(징계의결)
000888,245909,항,584,"① 교원징계위원회는 제61조제1항 각 호의 어느 하나에 해당하는 행위의 유형, 정도 및 징계의결이 요구된 교원의 근무태도 등을 고려하여 대통령령으로 정하는 징계기준 및 징계의 감경기준 등에 따라 징계의결을 하여야 한다. <신설 2019.4.16>"
000888,245909,항,585,"② 교원징계위원회는 징계사건을 심의한 결과 징계를 의결하였을 때에는 주문(主文)과 이유를 적은 징계의결서를 작성하여 임용권자 및 관할청에 보내어 알려야 한다. <개정 2016.2.3, 2019.4.16, 2021.9.24>"
000888,245909,항,586,③ 제1항의 징계의결은 재적위원 3분의 2 이상의 출석과 재적위원 과반수의 찬성으로 하여야 한다. <개정 2019.4.16>
000888,245909,항,587,"④ 임용권자가 제2항의 징계의결서를 받았을 때에는 제66조의2제2항에 따라 재심의를 요구받은 경우를 제외하고는 징계의결서를 받은 날부터 15일 이내에 그 의결 내용에 따라 징계처분을 하여야 한다. 이 경우 임용권자는 징계처분의 사유를 적은 결정서를 해당 교원에게 교부하여야 한다. <개정 2016.2.3, 2019.4.16>"
000888,245909,항,588,⑤ 임용권자는 「성폭력범죄의 처벌 등에 관한 특례법」 제2조에 따른 성폭력범죄 및 「양성평등기본법」 제3조제2호에 따른 성희롱에 해당하는 사유로 제4항에 따라 징계처분의 사유를 적은 결정서를 교부할 때에는 피해자가 요청하는 경우 그 징계처분 결과를 피해자에게 함께 통보하여야 한다. <신설 2021.8.10>
000888,245909,조문,589,제66조의2(징계의결의 재심의)
000888,245909,항,590,① 사립학교 교원의 임용권자는 제54조제3항에 따라 징계를 요구받은 사항에 대하여 제66조제2항에 따른 징계의결서를 받았을 때에는 같은 조 제4항에 따라 징계처분을 하기 전에 그 내용을 관할청에 통보하여야 한다.
000888,245909,항,591,"② 관할청은 제1항에 따라 통보받은 징계의결의 내용이 징계 사유에 비추어 가볍다고 인정되면 해당 교원의 임용권자에게 그 징계처분을 하기 전에 제4조제1항에 따른 관할청의 경우 제62조의3에 따른 징계심의위원회에, 제4조제3항에 따른 관할청의 경우 제62조에 따른 교원징계위원회에 재심의를 요구하도록 할 수 있다. <개정 2021.9.24>"
000888,245909,항,592,③ 임용권자가 관할청으로부터 제2항에 따라 재심의를 요구받은 경우에는 지체 없이 해당 징계심의위원회 또는 교원징계위원회에 재심의를 요구하여야 한다. <개정 2021.9.24>
000888,245909,항,593,④ 제3항에 따라 재심의를 요구받은 징계심의위원회 또는 교원징계위원회는 징계사건을 재심의한 결과 징계를 의결하였을 때에는 주문과 이유를 적은 징계의결서를 작성하여 관할청과 임용권자에게 각각 통보하여야 한다. <신설 2021.9.24>
000888,245909,항,594,⑤ 임용권자가 제4항에 따라 징계의결서를 받았을 때에는 징계의결서를 받은 날부터 15일 이내에 그 의결 내용에 따라 징계처분을 하여야 한다. 이 경우 임용권자는 징계처분의 사유를 적은 결정서를 해당 교원에게 교부하여야 한다. <신설 2021.9.24>
000888,245909,항,595,"⑥ 제4항에 따른 징계사건의 심리ㆍ의결에 관하여는 제63조ㆍ제65조 및 제66조제1항ㆍ제3항을 적용 또는 준용한다. 이 경우 ""교원징계위원회""는 ""징계심의위원회""로 본다. <신설 2021.9.24>"
000888,245909,조문,596,제66조의3(감사원 조사와의 관계 등)
000888,245909,항,597,"① 감사원, 검찰ㆍ경찰, 그 밖의 수사기관은 사립학교 교원에 대한 조사나 수사를 시작하였을 때와 마쳤을 때에는 10일 이내에 해당 교원의 임용권자에게 그 사실을 통보하여야 한다."
000888,245909,항,598,② 감사원에서 조사 중인 사건에 대해서는 제1항에 따른 조사 개시 통보를 받은 날부터 징계의결의 요구나 그 밖의 징계 절차를 진행할 수 없다.
000888,245909,항,599,"③ 검찰ㆍ경찰, 그 밖의 수사기관에서 수사 중인 사건에 대해서는 제1항에 따른 수사 개시 통보를 받은 날부터 징계의결의 요구나 그 밖의 징계 절차를 진행하지 아니할 수 있다."
000888,245909,조문,600,제66조의4(징계 사유의 시효)
000888,245909,항,601,"① 사립학교 교원의 임용권자는 징계 사유가 발생한 날부터 3년이 지난 경우에는 제64조에 따른 징계의결을 요구할 수 없다. 다만, 징계 사유가 「국가공무원법」 제78조의2제1항 각 호의 어느 하나에 해당하는 경우에는 그 징계 사유가 발생한 날부터 5년 이내에, 「국가공무원법」 제83조의2제1항제1호 각 목 및 「교육공무원법」 제52조제5호의 어느 하나에 해당하는 경우에는 그 징계 사유가 발생한 날부터 10년 이내에 징계의결을 요구할 수 있다. <개정 2022.10.18>"
000888,245909,항,602,② 제66조의3제2항 또는 제3항에 따라 징계 절차를 진행하지 못하여 제1항의 기간이 지나거나 그 남은 기간이 1개월 미만인 경우에는 제1항의 기간은 제66조의3제1항에 따른 조사나 수사의 종료 통보를 받은 날부터 1개월이 지난 날에 끝나는 것으로 본다.
000888,245909,항,603,"③ 징계위원회의 구성, 징계의결, 그 밖에 절차상의 하자나 징계양정의 과다를 이유로 「교원의 지위 향상 및 교육활동 보호를 위한 특별법」에 따른 교원소청심사위원회 또는 법원에서 징계처분의 무효 또는 취소의 결정이나 판결을 하였을 때에는 제1항의 기간이 지나거나 그 남은 기간이 3개월 미만인 경우에도 그 결정 또는 판결이 확정된 날부터 3개월 이내에 다시 징계의결을 요구할 수 있다."
000888,245909,조문,604,제66조의5(비밀누설의 금지) 교원징계위원회에 참석한 사람은 직무상 알게 된 비밀을 누설해서는 아니 된다.
000888,245909,조문,605,제66조의6(보직 등 관리의 원칙)
000888,245909,항,606,"① 고등학교 이하 각급 학교의 장은 교원에 대한 징계처분의 사유가 「국가공무원법」 제83조의2제1항제1호 각 목의 어느 하나에 해당하는 등 대통령령으로 정하는 사유에 해당하는 경우에는 해당 교원을 징계처분 이후 5년 이상 10년 이하의 범위에서 대통령령으로 정하는 기간 동안 학급을 담당하는 교원(이하 ""학급담당교원""이라 한다)으로 배정할 수 없다. <개정 2022.10.18>"
000888,245909,항,607,② 고등학교 이하 각급 학교의 장은 제1항에 따른 기간 동안 해당 교원의 학급담당교원 배정 여부 등 제2조제4호에 따른 임용에 관한 사항을 관할청에 보고하여야 한다.
000888,245909,조문,608,"제67조(외국인학교에 대한 특례) 「초ㆍ중등교육법」 제60조의2에 따른 외국인학교에 대해서는 제52조, 제53조, 제53조의2부터 제53조의5까지, 제54조, 제54조의2부터 제54조의4까지, 제55조, 제55조의2부터 제55조의4까지, 제56조부터 제58조까지, 제58조의2, 제59조, 제60조, 제60조의2, 제60조의3, 제61조, 제61조의2, 제62조, 제62조의2, 제62조의3, 제63조, 제64조, 제64조의2, 제65조, 제66조, 제66조의2, 제66조의3제2항ㆍ제3항, 제66조의4, 제70조의3부터 제70조의7까지 및 제72조의3부터 제72조의5까지를 적용하지 아니한다. <개정 2021.9.24>"
000888,245909,조문,609,제67조의2 삭제 <1991.5.31>
000888,245909,조문,610,제67조의3 삭제 <1991.5.31>
000888,245909,조문,611,제68조 삭제 <1991.5.31>
000888,245909,조문,612,제69조 삭제 <1991.5.31>
000888,245909,조문,613,제5장 보칙 <개정 2020.12.22>
000888,245909,조문,614,"제70조(보고ㆍ조사 등) 관할청은 사립학교의 교육에 관하여 조사를 하거나 통계 또는 그 밖에 필요한 사항에 관한 보고를 하게 할 수 있으며, 소속 공무원으로 하여금 장부나 그 밖의 서류 등을 검사하게 하거나 교육의 실시상황을 조사하게 할 수 있다."
000888,245909,조문,615,제70조의2(사무기구 및 직원)
000888,245909,항,616,"① 학교법인 또는 사립학교경영자는 그의 사무와 그가 설치ㆍ경영하는 학교의 사무를 처리하기 위하여 필요한 사무기구를 두되, 그 설치ㆍ운영과 사무직원의 정원ㆍ임용ㆍ보수ㆍ복무 및 신분보장에 관하여는 학교법인 또는 법인인 사립학교경영자의 경우에는 정관으로 정하고, 사인인 사립학교경영자의 경우에는 규칙으로 정한다."
000888,245909,항,617,② 각급 학교 소속 사무직원은 학교의 장의 제청으로 학교법인 또는 사립학교경영자가 임용한다.
000888,245909,조문,618,제70조의3(사무직원의 임용)
000888,245909,항,619,"① 제70조의2제1항에도 불구하고 「초ㆍ중등교육법」 제2조에 따른 학교에서 소속 사무직원을 신규채용하는 경우 공개전형에 의하도록 하며, 공개전형의 실시에 필요한 사항은 대통령령으로 정한다."
000888,245909,항,620,② 제1항에 따른 사무직원의 신규채용을 위한 공개전형 채용시험에서 부정한 행위를 한 사람에 대하여는 「지방공무원법」 제43조의2를 준용한다.
000888,245909,항,621,③ 「지방공무원법」 제31조 각 호의 어느 하나에 해당하는 자는 「초ㆍ중등교육법」 제2조에 따른 학교 소속 사무직원으로 임용될 수 없다. <신설 2021.9.24>
000888,245909,조문,622,"제70조의4(사무직원의 당연퇴직) 제70조의2제1항에도 불구하고 같은 조에 따라 임명된 사무직원의 당연퇴직에 관하여는 「지방공무원법」 제61조제1호를 준용한다. 이 경우 ""공무원""은 ""사무직원""으로 본다. <개정 2021.9.24>"
000888,245909,조문,623,제70조의5(사무직원에 대한 징계의결 요구)
000888,245909,항,624,"① 제70조의2에 따라 임명된 사무직원이 정관이나 규칙에서 정한 징계 사유에 해당할 때에는 해당 사무직원의 임용권자는 미리 충분한 조사를 한 후 해당 징계사건을 관할하는 징계위원회에 징계의결을 요구하여야 한다. 다만, 사립유치원 사무직원의 징계를 관할하는 징계위원회가 없는 경우 해당 사무직원의 임용권자는 「지방공무원법」 제7조에 따라 설치되는 관할청의 인사위원회에 징계의결을 요구하여야 한다."
000888,245909,항,625,② 사무직원의 임용권자는 제1항에 따른 징계위원회의 징계의결 결과에 따라 징계처분을 하여야 한다. 이 경우 임용권자는 징계처분의 사유를 적은 결정서를 해당 사무직원에게 교부하여야 한다.
000888,245909,항,626,③ 관할청은 제70조의2제1항에도 불구하고 제48조 또는 제70조에 따른 검사ㆍ조사 결과 사무직원이 직무를 수행함에 있어 이 법이나 교육관계 법령 또는 해당 정관이나 규칙을 위반한 때에는 임용권자에게 제1항에 따른 관할 징계위원회에 해당 사무직원의 징계의결을 요구하도록 할 수 있다. 이 경우 요구받은 임용권자는 특별한 사유가 없으면 이에 따라야 한다.
000888,245909,조문,627,제70조의6(사무직원 징계의결의 재심의 요구)
000888,245909,항,628,① 사무직원의 임용권자는 제70조의5제3항에 따라 요구받은 사항에 대하여는 해당 처분을 하기 전에 그 내용을 관할청에 통보하여야 한다.
000888,245909,항,629,"② 관할청은 제1항에 따라 통보받은 징계의결의 내용이 징계 사유에 비추어 가볍다고 인정되면 해당 사무직원의 임용권자에게 제4조제1항에 따른 관할청의 경우 제62조의3에 따른 징계심의위원회에, 제4조제3항에 따른 관할청의 경우 제70조의5제1항에 따른 징계위원회에 재심의를 요구하도록 할 수 있다."
000888,245909,항,630,③ 사무직원의 임용권자가 관할청으로부터 제2항에 따라 재심의를 요구받은 경우에는 지체 없이 해당 징계심의위원회 또는 징계위원회에 재심의를 요구하여야 한다.
000888,245909,항,631,④ 사무직원의 임용권자는 제3항에 따른 징계심의위원회 또는 징계위원회의 재심의 결과를 관할청에 통보하여야 한다.
000888,245909,항,632,"⑤ 제3항에 따른 징계심의위원회의 심리ㆍ의결 등에 관하여는 제63조, 제65조, 제66조제3항 및 제66조의2제4항ㆍ제5항을 준용한다. 이 경우 ""교원""은 ""사무직원""으로 본다."
000888,245909,조문,633,제70조의7(사무직원에 대한 해임 요구)
000888,245909,항,634,① 관할청은 제70조의2제1항에도 불구하고 같은 조에 따라 임명된 사무직원이 다음 각 호의 어느 하나에 해당할 때에는 임용권자에게 해당 사무직원의 해임을 요구할 수 있다. 이 경우 해임을 요구받은 임용권자는 특별한 사유가 없으면 이에 따라야 한다.
000888,245909,호,635,1. 직무를 수행함에 있어 부정한 일을 하였거나 현저히 부당한 일을 한 경우
000888,245909,호,636,2. 제20조의2제1항에 따라 취임 승인이 취소된 임원의 행위에 적극 가담한 경우
000888,245909,호,637,3. 제54조의2제1항에 따라 해임된 학교의 장의 행위에 적극 가담한 경우
000888,245909,호,638,"4. 이 법, 이 법에 따른 명령 또는 다른 교육 관계 법령을 위반한 경우로서 비위의 정도가 중대한 경우"
000888,245909,호,639,5. 제70조의4에 따른 당연퇴직 사유에 해당하는 법령위반 행위를 하였다고 확인된 경우
000888,245909,항,640,② 제1항에 따른 해임 요구는 관할청이 해당 학교법인 또는 사립학교경영자에게 그 사유를 밝혀 시정을 요구한 날부터 15일이 지나도 이에 따르지 아니한 경우에만 한다.
000888,245909,조문,641,제71조(권한의 위임) 이 법에 따른 교육부장관의 권한은 그 일부를 대통령령으로 정하는 바에 따라 시ㆍ도 교육감에게 위임할 수 있다.
000888,245909,조문,642,제72조 삭제 <2000.1.28>
000888,245909,조문,643,제72조의2(벌칙 적용에서 공무원 의제) 조정위원회의 위원 중 공무원이 아닌 사람은 「형법」 제129조부터 제132조까지의 규정을 적용할 때에는 공무원으로 본다.
000888,245909,조문,644,제72조의3(임원의 친족 교직원 공개) 학교법인은 학교법인 임원과 「민법」 제777조에 따른 친족관계에 있는 교직원을 교육부장관이 정하는 바에 따라 공개하여야 한다.
000888,245909,조문,645,"제72조의4(청렴의무) 사립학교경영자, 학교법인의 임직원 및 사립학교의 장과 교직원(이하 ""사학기관 종사자""라 한다)은 법령을 준수하고 일체의 부패행위와 품위를 손상하는 행위를 하여서는 아니 된다."
000888,245909,조문,646,제72조의5(사학기관 행동강령)
000888,245909,항,647,"① 제72조의4에 따른 청렴의무를 준수하기 위한 행동강령(이하 ""사학기관 행동강령""이라 한다)은 학교법인과 법인인 사립학교경영자의 경우에는 정관으로, 사인인 사립학교경영자의 경우에는 규칙으로 정한다."
000888,245909,항,648,② 사학기관 행동강령은 다음 각 호의 사항을 포함하여야 한다.
000888,245909,호,649,1. 다음 각 목의 직무관련자로부터 향응ㆍ금품 등을 받는 행위의 금지ㆍ제한에 관한 사항
000888,245909,목,650,"가. 학교법인, 사립학교경영자 또는 학교의 장과 계약을 체결하거나 체결하려는 것이 명백한 개인ㆍ법인 또는 단체"
000888,245909,목,651,나. 학교법인 또는 사립학교경영자의 정책ㆍ사업 등의 결정 또는 집행으로 이익 또는 불이익을 직접적으로 받는 개인ㆍ법인 또는 단체
000888,245909,호,652,2. 직위를 이용한 인사관여ㆍ이권개입ㆍ알선ㆍ청탁행위의 금지ㆍ제한에 관한 사항
000888,245909,호,653,3. 사적 이해관계의 신고에 관한 사항. 이 경우 신고 대상의 범위는 대통령령으로 정한다.
000888,245909,호,654,4. 사학기관 행동강령 위반에 따른 징계 등의 제재 조치에 관한 사항
000888,245909,호,655,5. 그 밖에 사학기관 종사자가 청렴의무를 준수하기 위하여 필요한 사항
000888,245909,항,656,③ 사학기관 종사자가 사학기관 행동강령을 위반한 경우 임용권자는 징계 등의 제재 조치를 하여야 한다.
000888,245909,항,657,④ 관할청은 학교법인 또는 사립학교경영자가 다음 각 호의 어느 하나에 해당하는 경우에는 기간을 정하여 시정을 명할 수 있다.
000888,245909,호,658,1. 학교법인 또는 사립학교경영자가 정관 또는 규칙으로 정한 사학기관 행동강령에 제2항 각 호의 사항이 누락되어 있거나 그 내용이 현저히 미흡한 경우
000888,245909,호,659,2. 학교법인 또는 사립학교에 소속된 사학기관 종사자가 사학기관 행동강령을 위반하였음에도 불구하고 제3항에 따른 징계 등의 제재 조치를 하지 아니한 경우
000888,245909,조문,660,제6장 벌칙 <개정 2020.12.22>
000888,245909,조문,661,제73조(벌칙) 학교법인의 이사장이나 사립학교경영자(법인인 경우에는 그 대표자 또는 이사) 또는 대학교육기관의 장이 제29조제6항(제51조에 따라 준용되는 경우를 포함한다)을 위반한 경우에는 3년 이하의 징역 또는 3천만원 이하의 벌금에 처한다. <개정 2021.9.24>
000888,245909,조문,662,제73조의2(벌칙) 학교법인의 이사장 또는 사립학교경영자(법인인 경우에는 그 대표자 또는 이사)가 다음 각 호의 어느 하나에 해당하는 경우에는 2년 이하의 징역 또는 2천만원 이하의 벌금에 처한다. <개정 2021.8.10>
000888,245909,항,663,
000888,245909,호,664,1. 제28조제1항부터 제4항까지(제51조에 따라 준용되는 경우를 포함한다)를 위반한 경우
000888,245909,호,665,2. 제46조에 따른 관할청의 명령을 위반하여 사업을 계속한 경우
000888,245909,호,666,3. 제48조(제51조에 따라 준용되는 경우를 포함한다)에 따른 관할청의 명령을 위반한 경우
000888,245909,조문,667,제74조(과태료)
000888,245909,항,668,① 사립학교 교원 또는 제70조의2에 따라 임명된 사무직원의 임용권자가 다음 각 호의 어느 하나에 해당하는 경우에는 1천만원 이하의 과태료를 부과한다. <개정 2021.9.24>
000888,245909,호,669,1. 제54조제3항 후단을 위반하여 특별한 사유 없이 관할청의 해임 또는 징계 요구를 따르지 아니한 경우
000888,245909,호,670,2. 제54조의2제1항 후단을 위반하여 특별한 사유 없이 관할청의 해임 요구를 따르지 아니한 경우
000888,245909,호,671,3. 제66조의2제3항을 위반하여 재심의를 요구하지 아니한 경우
000888,245909,호,672,4. 제66조의2제5항 전단(제70조의6제5항에서 준용하는 경우를 포함한다)을 위반하여 의결 내용에 따라 징계처분을 하지 아니한 경우
000888,245909,호,673,5. 제70조의5제3항 후단을 위반하여 특별한 사유 없이 관할청의 징계의결 요구에 따르지 아니한 경우
000888,245909,호,674,6. 제70조의6제3항을 위반하여 재심의를 요구하지 아니한 경우
000888,245909,호,675,7. 제70조의7제1항 각 호 외의 부분 후단을 위반하여 특별한 사유 없이 관할청의 해임 요구를 따르지 아니한 경우
000888,245909,호,676,8. 제72조의5제4항제2호에 따른 관할청의 시정명령을 특별한 사유 없이 따르지 아니한 경우
000888,245909,항,677,"② 학교법인의 이사장, 감사 또는 청산인이나 사립학교경영자(법인인 경우에는 그 대표자 또는 이사)가 다음 각 호의 어느 하나에 해당하는 경우에는 500만원 이하의 과태료를 부과한다. <개정 2021.8.10, 2021.9.24>"
000888,245909,호,678,1. 이 법에 따른 등기를 하지 아니한 경우
000888,245909,호,679,2. 제6조제3항에 따른 공고를 하지 아니하거나 공고하여야 할 사항을 거짓으로 공고하거나 누락하여 공고한 경우
000888,245909,호,680,3. 제13조에 따라 준용되는 「민법」 제55조제1항에 따른 재산목록 또는 제32조(제51조에 따라 준용되는 경우를 포함한다) 및 제37조제1항에 따른 재산목록이나 그 밖의 서류를 갖추어 두지 아니하거나 이에 적을 사항을 거짓으로 적거나 누락하여 적은 경우
000888,245909,호,681,4. 제19조제4항제3호 또는 제48조(제51조에 따라 준용되는 경우를 포함한다)에 따른 보고를 하지 아니하거나 보고하여야 할 사항을 거짓으로 보고하거나 누락하여 보고한 경우
000888,245909,호,682,4의2. 제28조제5항에 따른 신고를 하지 아니한 경우
000888,245909,호,683,"5. 제31조(제51조에 따라 준용되는 경우를 포함한다), 제37조제2항 또는 제38조제2항을 위반한 경우"
000888,245909,호,684,6. 제42조에 따라 준용되는 「민법」 제79조 또는 제93조제1항에 따른 파산선고의 신청을 하지 아니한 경우
000888,245909,호,685,7. 제42조에 따라 준용되는 「민법」 제88조제1항 또는 제93조제1항에 따른 공고를 하지 아니하거나 공고할 사항을 거짓으로 공고하거나 누락하여 공고한 경우
000888,245909,호,686,8. 제42조에 따라 준용되는 「민법」 제86조 또는 제94조에 따른 신고를 게을리하거나 부실한 신고를 한 경우
000888,245909,호,687,9. 제42조에 따라 준용되는 「민법」 제90조를 위반한 경우
000888,245909,호,688,10. 제72조의3에 따른 공개를 하지 아니하거나 거짓으로 공개한 경우
000888,245909,항,689,③ 대학교육기관의 장 및 대학교육기관을 설치ㆍ경영하는 학교법인의 이사장이 제32조의2제5항에 따른 보고를 하지 아니하거나 보고하여야 할 사항을 거짓으로 보고하거나 누락하여 보고한 경우에는 500만원 이하의 과태료를 부과한다.
000888,245909,항,690,④ 사립학교 교원의 임용권자가 제54조제1항에 따른 보고를 하지 아니하거나 거짓으로 보고한 경우에는 500만원 이하의 과태료를 부과한다.
000888,245909,항,691,⑤ 제1항부터 제4항까지의 규정에 따른 과태료는 대통령령으로 정하는 바에 따라 관할청이 부과ㆍ징수한다.
